0.000000	1.000000	0.000000	0.000000	0.000000	0.000000	0.000000	0.000000	0.000000	0.000000	0.000000	0.000000	0.000000	0.000000	0.000000	0.000000	0.000000	0.000000	0.000000	0.000000	0.000000	0.000000	0.000000	0.000000	0.000000	0.000000	0.000000	0.000000	0.000000	0.000000	0.000000	
0.000000	0.000000	0.181251	0.000000	0.000000	0.000000	0.000000	0.000000	0.016303	0.000000	0.802446	0.000000	0.000000	0.000000	0.000000	0.000000	0.000000	0.000000	0.000000	0.000000	0.000000	0.000000	0.000000	0.000000	0.000000	0.000000	0.000000	0.000000	0.000000	0.000000	0.000000	
0.000000	0.000000	0.000000	0.057792	0.000000	0.000000	0.710626	0.000000	0.000000	0.231582	0.000000	0.000000	0.000000	0.000000	0.000000	0.000000	0.000000	0.000000	0.000000	0.000000	0.000000	0.000000	0.000000	0.000000	0.000000	0.000000	0.000000	0.000000	0.000000	0.000000	0.000000	
0.000000	0.000000	0.000000	0.000000	0.311542	0.000000	0.000000	0.688458	0.000000	0.000000	0.000000	0.000000	0.000000	0.000000	0.000000	0.000000	0.000000	0.000000	0.000000	0.000000	0.000000	0.000000	0.000000	0.000000	0.000000	0.000000	0.000000	0.000000	0.000000	0.000000	0.000000	
0.000000	0.000000	0.281482	0.000000	0.000000	0.128079	0.000000	0.039088	0.000000	0.000000	0.000000	0.348046	0.203305	0.000000	0.000000	0.000000	0.000000	0.000000	0.000000	0.000000	0.000000	0.000000	0.000000	0.000000	0.000000	0.000000	0.000000	0.000000	0.000000	0.000000	0.000000	
0.000000	0.000000	0.000000	0.017985	0.028062	0.000000	0.010950	0.071412	0.000000	0.218400	0.112666	0.000000	0.000000	0.046098	0.270632	0.223794	0.000000	0.000000	0.000000	0.000000	0.000000	0.000000	0.000000	0.000000	0.000000	0.000000	0.000000	0.000000	0.000000	0.000000	0.000000	
0.000000	0.000000	0.208404	0.000000	0.000000	0.000000	0.000000	0.403250	0.000000	0.155282	0.000000	0.000000	0.000000	0.000000	0.000000	0.210923	0.022141	0.000000	0.000000	0.000000	0.000000	0.000000	0.000000	0.000000	0.000000	0.000000	0.000000	0.000000	0.000000	0.000000	0.000000	
0.000000	0.000000	0.000000	0.000000	0.433196	0.000000	0.071465	0.000000	0.031219	0.000000	0.000000	0.000000	0.024815	0.439305	0.000000	0.000000	0.000000	0.000000	0.000000	0.000000	0.000000	0.000000	0.000000	0.000000	0.000000	0.000000	0.000000	0.000000	0.000000	0.000000	0.000000	
0.000000	0.000000	0.000000	0.232497	0.000000	0.000000	0.000000	0.158969	0.000000	0.103851	0.000000	0.209389	0.058441	0.000000	0.000000	0.000000	0.058604	0.000000	0.178249	0.000000	0.000000	0.000000	0.000000	0.000000	0.000000	0.000000	0.000000	0.000000	0.000000	0.000000	0.000000	
0.000000	0.000000	0.000000	0.000000	0.000000	0.000000	0.000000	0.000000	0.000000	0.000000	0.397677	0.000000	0.258454	0.000000	0.150127	0.000000	0.193742	0.000000	0.000000	0.000000	0.000000	0.000000	0.000000	0.000000	0.000000	0.000000	0.000000	0.000000	0.000000	0.000000	0.000000	
0.000000	0.000000	0.000000	0.000000	0.000000	0.065737	0.000000	0.000000	0.299410	0.000000	0.000000	0.148196	0.095578	0.000000	0.000000	0.000000	0.000000	0.391078	0.000000	0.000000	0.000000	0.000000	0.000000	0.000000	0.000000	0.000000	0.000000	0.000000	0.000000	0.000000	0.000000	
0.000000	0.000000	0.107537	0.141986	0.122731	0.000000	0.000000	0.000000	0.000000	0.000000	0.000000	0.000000	0.149616	0.189068	0.008050	0.000000	0.000000	0.175436	0.000000	0.077095	0.028481	0.000000	0.000000	0.000000	0.000000	0.000000	0.000000	0.000000	0.000000	0.000000	0.000000	
0.000000	0.000000	0.093052	0.000000	0.000000	0.085505	0.188428	0.000000	0.111272	0.000000	0.000000	0.000000	0.000000	0.232205	0.158884	0.000000	0.130653	0.000000	0.000000	0.000000	0.000000	0.000000	0.000000	0.000000	0.000000	0.000000	0.000000	0.000000	0.000000	0.000000	0.000000	
0.000000	0.000000	0.160813	0.000000	0.000000	0.000000	0.136254	0.000000	0.109038	0.000000	0.015687	0.000000	0.068747	0.000000	0.235778	0.144146	0.000000	0.000000	0.000000	0.000000	0.000000	0.000000	0.000000	0.129538	0.000000	0.000000	0.000000	0.000000	0.000000	0.000000	0.000000	
0.000000	0.000000	0.000000	0.000000	0.000000	0.000000	0.000000	0.000000	0.238560	0.145940	0.000000	0.018825	0.189809	0.039646	0.000000	0.018846	0.000000	0.275732	0.000000	0.030406	0.000000	0.000000	0.017459	0.000000	0.024776	0.000000	0.000000	0.000000	0.000000	0.000000	0.000000	
0.000000	0.000000	0.274234	0.000000	0.000000	0.000000	0.191958	0.000000	0.161000	0.000000	0.000000	0.000000	0.000000	0.000000	0.109079	0.000000	0.005402	0.000000	0.000000	0.000000	0.000000	0.253218	0.000000	0.000000	0.005109	0.000000	0.000000	0.000000	0.000000	0.000000	0.000000	
0.000000	0.000000	0.000000	0.116459	0.092902	0.000000	0.000000	0.053513	0.130378	0.000000	0.000000	0.000000	0.169181	0.000000	0.000000	0.000000	0.000000	0.108379	0.000000	0.176721	0.000000	0.000000	0.000000	0.152467	0.000000	0.000000	0.000000	0.000000	0.000000	0.000000	0.000000	
0.000000	0.000000	0.117077	0.027795	0.000000	0.000000	0.006251	0.113254	0.103692	0.000000	0.128349	0.059069	0.080528	0.000000	0.000000	0.000000	0.000000	0.000000	0.123401	0.000000	0.000000	0.000000	0.000000	0.098857	0.026563	0.000000	0.000000	0.115164	0.000000	0.000000	0.000000	
0.000000	0.000000	0.000000	0.000000	0.000000	0.000000	0.000000	0.000000	0.000000	0.000000	0.092819	0.000000	0.190358	0.000000	0.000000	0.197276	0.000000	0.139847	0.000000	0.151687	0.037197	0.000000	0.000000	0.000000	0.000000	0.000000	0.000000	0.190816	0.000000	0.000000	0.000000	
0.000000	0.000000	0.000000	0.000000	0.119377	0.041106	0.000000	0.000000	0.060889	0.000000	0.000000	0.000000	0.000000	0.000000	0.079957	0.143777	0.000000	0.046731	0.080381	0.000000	0.065036	0.000000	0.009275	0.000000	0.110608	0.000000	0.103564	0.000000	0.139298	0.000000	0.000000	
0.000000	0.000000	0.000000	0.000000	0.000000	0.000000	0.210961	0.068419	0.000000	0.000000	0.000000	0.000000	0.000000	0.000000	0.000000	0.000000	0.000000	0.000000	0.000000	0.102474	0.000000	0.146993	0.000000	0.174299	0.000000	0.000000	0.000000	0.000000	0.000000	0.296854	0.000000	
0.000000	0.000000	0.000000	0.000000	0.000000	0.000000	0.042283	0.019584	0.000000	0.000000	0.000000	0.000000	0.128554	0.000000	0.114946	0.121169	0.000000	0.000000	0.113456	0.000000	0.084160	0.000000	0.031341	0.000000	0.051524	0.060942	0.094038	0.000000	0.000000	0.000000	0.138004	
0.000000	0.000000	0.000000	0.000000	0.000000	0.000000	0.000000	0.000000	0.000000	0.000000	0.225411	0.000000	0.132907	0.041438	0.009809	0.048400	0.116761	0.000000	0.000000	0.000000	0.000000	0.000000	0.000000	0.138041	0.021129	0.129484	0.000000	0.000000	0.000000	0.000000	0.136620	
0.000000	0.000000	0.000000	0.000000	0.000000	0.000000	0.000000	0.000000	0.125096	0.000000	0.000000	0.016548	0.000000	0.000000	0.000000	0.000000	0.000000	0.109216	0.157833	0.001301	0.122182	0.000000	0.061576	0.000000	0.142636	0.000000	0.000000	0.129096	0.134516	0.000000	0.000000	
0.000000	0.000000	0.000000	0.000000	0.000000	0.000000	0.000000	0.000000	0.000000	0.000000	0.000000	0.000000	0.000000	0.000000	0.230118	0.000000	0.000000	0.343010	0.000000	0.000000	0.000000	0.000000	0.090095	0.262871	0.000000	0.005601	0.000000	0.000000	0.068306	0.000000	0.000000	
0.000000	0.000000	0.000000	0.000000	0.000000	0.000000	0.000000	0.000000	0.000000	0.000000	0.000000	0.000000	0.000000	0.388204	0.437760	0.000000	0.000000	0.000000	0.000000	0.000000	0.000000	0.021659	0.000000	0.000000	0.000000	0.000000	0.152377	0.000000	0.000000	0.000000	0.000000	
0.000000	0.000000	0.000000	0.000000	0.000000	0.000000	0.000000	0.000000	0.000000	0.000000	0.000000	0.000000	0.000000	0.000000	0.000000	0.000000	0.000000	0.000000	0.056057	0.000000	0.000000	0.147449	0.000000	0.388903	0.000000	0.000000	0.000000	0.407591	0.000000	0.000000	0.000000	
0.000000	0.000000	0.000000	0.000000	0.000000	0.000000	0.000000	0.000000	0.000000	0.000000	0.000000	0.000000	0.027683	0.000000	0.000000	0.000000	0.085306	0.000000	0.119129	0.000000	0.160204	0.000000	0.000000	0.220811	0.000000	0.000000	0.000000	0.000000	0.386867	0.000000	0.000000	
0.000000	0.000000	0.000000	0.000000	0.000000	0.000000	0.000000	0.000000	0.000000	0.000000	0.000000	0.000000	0.000000	0.000000	0.000000	0.000000	0.000000	0.011086	0.000000	0.000000	0.012202	0.000000	0.033692	0.000000	0.040909	0.252282	0.000000	0.000000	0.000000	0.320247	0.329583	
0.000000	0.000000	0.000000	0.000000	0.000000	0.000000	0.000000	0.000000	0.000000	0.000000	0.000000	0.000000	0.000000	0.000000	0.000000	0.000000	0.000000	0.000000	0.000000	0.000000	0.000000	0.070892	0.000000	0.000000	0.000000	0.223334	0.000000	0.295894	0.000000	0.000000	0.409881	
0.000000	0.000000	0.000000	0.000000	0.000000	0.000000	0.000000	0.000000	0.000000	0.000000	0.000000	0.000000	0.000000	0.000000	0.000000	0.000000	0.000000	0.000000	0.000000	0.000000	0.000000	0.000000	0.000000	0.000000	0.000000	0.000000	0.000000	0.000000	0.000000	0.000000	0.000000	
