0.000000	1.000000	0.000000	0.000000	0.000000	0.000000	0.000000	0.000000	0.000000	0.000000	0.000000	0.000000	0.000000	0.000000	0.000000	0.000000	0.000000	0.000000	0.000000	0.000000	0.000000	0.000000	0.000000	0.000000	0.000000	0.000000	0.000000	0.000000	0.000000	0.000000	0.000000	
0.000000	0.000000	0.417206	0.000000	0.000000	0.000000	0.000000	0.000000	0.226891	0.000000	0.355903	0.000000	0.000000	0.000000	0.000000	0.000000	0.000000	0.000000	0.000000	0.000000	0.000000	0.000000	0.000000	0.000000	0.000000	0.000000	0.000000	0.000000	0.000000	0.000000	0.000000	
0.000000	0.000000	0.000000	0.394566	0.000000	0.000000	0.371574	0.000000	0.000000	0.233860	0.000000	0.000000	0.000000	0.000000	0.000000	0.000000	0.000000	0.000000	0.000000	0.000000	0.000000	0.000000	0.000000	0.000000	0.000000	0.000000	0.000000	0.000000	0.000000	0.000000	0.000000	
0.000000	0.000000	0.000000	0.000000	0.571284	0.000000	0.000000	0.428716	0.000000	0.000000	0.000000	0.000000	0.000000	0.000000	0.000000	0.000000	0.000000	0.000000	0.000000	0.000000	0.000000	0.000000	0.000000	0.000000	0.000000	0.000000	0.000000	0.000000	0.000000	0.000000	0.000000	
0.000000	0.000000	0.169876	0.000000	0.000000	0.178282	0.000000	0.286272	0.000000	0.000000	0.000000	0.087687	0.277883	0.000000	0.000000	0.000000	0.000000	0.000000	0.000000	0.000000	0.000000	0.000000	0.000000	0.000000	0.000000	0.000000	0.000000	0.000000	0.000000	0.000000	0.000000	
0.000000	0.000000	0.000000	0.225595	0.141530	0.000000	0.262912	0.080653	0.000000	0.031476	0.086474	0.000000	0.000000	0.025671	0.058632	0.087058	0.000000	0.000000	0.000000	0.000000	0.000000	0.000000	0.000000	0.000000	0.000000	0.000000	0.000000	0.000000	0.000000	0.000000	0.000000	
0.000000	0.000000	0.209338	0.000000	0.000000	0.000000	0.000000	0.260193	0.000000	0.298274	0.000000	0.000000	0.000000	0.000000	0.000000	0.033787	0.198408	0.000000	0.000000	0.000000	0.000000	0.000000	0.000000	0.000000	0.000000	0.000000	0.000000	0.000000	0.000000	0.000000	0.000000	
0.000000	0.000000	0.000000	0.000000	0.080636	0.000000	0.189393	0.000000	0.169731	0.000000	0.000000	0.000000	0.245743	0.314497	0.000000	0.000000	0.000000	0.000000	0.000000	0.000000	0.000000	0.000000	0.000000	0.000000	0.000000	0.000000	0.000000	0.000000	0.000000	0.000000	0.000000	
0.000000	0.000000	0.000000	0.080384	0.000000	0.000000	0.000000	0.075571	0.000000	0.256347	0.000000	0.030133	0.284162	0.000000	0.000000	0.000000	0.231700	0.000000	0.041704	0.000000	0.000000	0.000000	0.000000	0.000000	0.000000	0.000000	0.000000	0.000000	0.000000	0.000000	0.000000	
0.000000	0.000000	0.000000	0.000000	0.000000	0.000000	0.000000	0.000000	0.000000	0.000000	0.012299	0.000000	0.192282	0.000000	0.334045	0.000000	0.461375	0.000000	0.000000	0.000000	0.000000	0.000000	0.000000	0.000000	0.000000	0.000000	0.000000	0.000000	0.000000	0.000000	0.000000	
0.000000	0.000000	0.000000	0.000000	0.000000	0.147988	0.000000	0.000000	0.256573	0.000000	0.000000	0.113424	0.292565	0.000000	0.000000	0.000000	0.000000	0.189449	0.000000	0.000000	0.000000	0.000000	0.000000	0.000000	0.000000	0.000000	0.000000	0.000000	0.000000	0.000000	0.000000	
0.000000	0.000000	0.144167	0.174053	0.084319	0.000000	0.000000	0.000000	0.000000	0.000000	0.000000	0.000000	0.040115	0.097131	0.192559	0.000000	0.000000	0.031804	0.000000	0.059576	0.176275	0.000000	0.000000	0.000000	0.000000	0.000000	0.000000	0.000000	0.000000	0.000000	0.000000	
0.000000	0.000000	0.276650	0.000000	0.000000	0.085301	0.080153	0.000000	0.166272	0.000000	0.000000	0.000000	0.000000	0.188316	0.096456	0.000000	0.106851	0.000000	0.000000	0.000000	0.000000	0.000000	0.000000	0.000000	0.000000	0.000000	0.000000	0.000000	0.000000	0.000000	0.000000	
0.000000	0.000000	0.162282	0.000000	0.000000	0.000000	0.132337	0.000000	0.042535	0.000000	0.051968	0.000000	0.033438	0.000000	0.167078	0.134948	0.000000	0.000000	0.000000	0.000000	0.000000	0.000000	0.000000	0.275415	0.000000	0.000000	0.000000	0.000000	0.000000	0.000000	0.000000	
0.000000	0.000000	0.000000	0.000000	0.000000	0.000000	0.000000	0.000000	0.116970	0.139358	0.000000	0.062018	0.080488	0.090738	0.000000	0.098541	0.000000	0.056641	0.000000	0.027132	0.000000	0.000000	0.135458	0.000000	0.192656	0.000000	0.000000	0.000000	0.000000	0.000000	0.000000	
0.000000	0.000000	0.172611	0.000000	0.000000	0.000000	0.272799	0.000000	0.267842	0.000000	0.000000	0.000000	0.000000	0.000000	0.082625	0.000000	0.028261	0.000000	0.000000	0.000000	0.000000	0.006750	0.000000	0.000000	0.169113	0.000000	0.000000	0.000000	0.000000	0.000000	0.000000	
0.000000	0.000000	0.000000	0.124235	0.063314	0.000000	0.000000	0.208586	0.032370	0.000000	0.000000	0.000000	0.166774	0.000000	0.000000	0.000000	0.000000	0.219755	0.000000	0.112824	0.000000	0.000000	0.000000	0.072142	0.000000	0.000000	0.000000	0.000000	0.000000	0.000000	0.000000	
0.000000	0.000000	0.096376	0.135247	0.000000	0.000000	0.088037	0.126711	0.006264	0.000000	0.059316	0.085769	0.023178	0.000000	0.000000	0.000000	0.000000	0.000000	0.126007	0.000000	0.000000	0.000000	0.000000	0.050574	0.104976	0.000000	0.000000	0.097545	0.000000	0.000000	0.000000	
0.000000	0.000000	0.000000	0.000000	0.000000	0.000000	0.000000	0.000000	0.000000	0.000000	0.056898	0.000000	0.241981	0.000000	0.000000	0.271390	0.000000	0.172627	0.000000	0.114130	0.128698	0.000000	0.000000	0.000000	0.000000	0.000000	0.000000	0.014276	0.000000	0.000000	0.000000	
0.000000	0.000000	0.000000	0.000000	0.133618	0.118000	0.000000	0.000000	0.003519	0.000000	0.000000	0.000000	0.000000	0.000000	0.106710	0.088168	0.000000	0.051711	0.156643	0.000000	0.110266	0.000000	0.055421	0.000000	0.016392	0.000000	0.074652	0.000000	0.084901	0.000000	0.000000	
0.000000	0.000000	0.000000	0.000000	0.000000	0.000000	0.179752	0.171961	0.000000	0.000000	0.000000	0.000000	0.000000	0.000000	0.000000	0.000000	0.000000	0.000000	0.000000	0.172200	0.000000	0.278908	0.000000	0.117691	0.000000	0.000000	0.000000	0.000000	0.000000	0.079488	0.000000	
0.000000	0.000000	0.000000	0.000000	0.000000	0.000000	0.143360	0.024517	0.000000	0.000000	0.000000	0.000000	0.102179	0.000000	0.148615	0.040832	0.000000	0.000000	0.118349	0.000000	0.095519	0.000000	0.080712	0.000000	0.048672	0.045718	0.060012	0.000000	0.000000	0.000000	0.091516	
0.000000	0.000000	0.000000	0.000000	0.000000	0.000000	0.000000	0.000000	0.000000	0.000000	0.185793	0.000000	0.042093	0.093810	0.034471	0.140298	0.133334	0.000000	0.000000	0.000000	0.000000	0.000000	0.000000	0.193475	0.064828	0.043166	0.000000	0.000000	0.000000	0.000000	0.068732	
0.000000	0.000000	0.000000	0.000000	0.000000	0.000000	0.000000	0.000000	0.031735	0.000000	0.000000	0.049953	0.000000	0.000000	0.000000	0.000000	0.000000	0.162895	0.034375	0.178067	0.116549	0.000000	0.196577	0.000000	0.100388	0.000000	0.000000	0.002363	0.127097	0.000000	0.000000	
0.000000	0.000000	0.000000	0.000000	0.000000	0.000000	0.000000	0.000000	0.000000	0.000000	0.000000	0.000000	0.000000	0.000000	0.040997	0.000000	0.000000	0.231536	0.000000	0.000000	0.000000	0.000000	0.145354	0.166666	0.000000	0.200823	0.000000	0.000000	0.214625	0.000000	0.000000	
0.000000	0.000000	0.000000	0.000000	0.000000	0.000000	0.000000	0.000000	0.000000	0.000000	0.000000	0.000000	0.000000	0.477295	0.055692	0.000000	0.000000	0.000000	0.000000	0.000000	0.000000	0.156818	0.000000	0.000000	0.000000	0.000000	0.310196	0.000000	0.000000	0.000000	0.000000	
0.000000	0.000000	0.000000	0.000000	0.000000	0.000000	0.000000	0.000000	0.000000	0.000000	0.000000	0.000000	0.000000	0.000000	0.000000	0.000000	0.000000	0.000000	0.028290	0.000000	0.000000	0.129126	0.000000	0.244738	0.000000	0.000000	0.000000	0.597846	0.000000	0.000000	0.000000	
0.000000	0.000000	0.000000	0.000000	0.000000	0.000000	0.000000	0.000000	0.000000	0.000000	0.000000	0.000000	0.022694	0.000000	0.000000	0.000000	0.068458	0.000000	0.153086	0.000000	0.207164	0.000000	0.000000	0.255645	0.000000	0.000000	0.000000	0.000000	0.292952	0.000000	0.000000	
0.000000	0.000000	0.000000	0.000000	0.000000	0.000000	0.000000	0.000000	0.000000	0.000000	0.000000	0.000000	0.000000	0.000000	0.000000	0.000000	0.000000	0.051940	0.000000	0.000000	0.057438	0.000000	0.161778	0.000000	0.170955	0.175820	0.000000	0.000000	0.000000	0.187807	0.194262	
0.000000	0.000000	0.000000	0.000000	0.000000	0.000000	0.000000	0.000000	0.000000	0.000000	0.000000	0.000000	0.000000	0.000000	0.000000	0.000000	0.000000	0.000000	0.000000	0.000000	0.000000	0.045074	0.000000	0.000000	0.000000	0.053145	0.000000	0.200734	0.000000	0.000000	0.701047	
0.000000	0.000000	0.000000	0.000000	0.000000	0.000000	0.000000	0.000000	0.000000	0.000000	0.000000	0.000000	0.000000	0.000000	0.000000	0.000000	0.000000	0.000000	0.000000	0.000000	0.000000	0.000000	0.000000	0.000000	0.000000	0.000000	0.000000	0.000000	0.000000	0.000000	0.000000	
