0.000000	1.000000	0.000000	0.000000	0.000000	0.000000	0.000000	0.000000	0.000000	0.000000	0.000000	0.000000	0.000000	0.000000	0.000000	0.000000	0.000000	0.000000	0.000000	0.000000	0.000000	0.000000	0.000000	0.000000	0.000000	0.000000	0.000000	0.000000	0.000000	0.000000	0.000000	
0.000000	0.000000	0.723000	0.000000	0.000000	0.000000	0.000000	0.000000	0.056243	0.000000	0.220757	0.000000	0.000000	0.000000	0.000000	0.000000	0.000000	0.000000	0.000000	0.000000	0.000000	0.000000	0.000000	0.000000	0.000000	0.000000	0.000000	0.000000	0.000000	0.000000	0.000000	
0.000000	0.000000	0.000000	0.370063	0.000000	0.000000	0.309646	0.000000	0.000000	0.320291	0.000000	0.000000	0.000000	0.000000	0.000000	0.000000	0.000000	0.000000	0.000000	0.000000	0.000000	0.000000	0.000000	0.000000	0.000000	0.000000	0.000000	0.000000	0.000000	0.000000	0.000000	
0.000000	0.000000	0.000000	0.000000	0.625857	0.000000	0.000000	0.374143	0.000000	0.000000	0.000000	0.000000	0.000000	0.000000	0.000000	0.000000	0.000000	0.000000	0.000000	0.000000	0.000000	0.000000	0.000000	0.000000	0.000000	0.000000	0.000000	0.000000	0.000000	0.000000	0.000000	
0.000000	0.000000	0.073260	0.000000	0.000000	0.090631	0.000000	0.323970	0.000000	0.000000	0.000000	0.139184	0.372954	0.000000	0.000000	0.000000	0.000000	0.000000	0.000000	0.000000	0.000000	0.000000	0.000000	0.000000	0.000000	0.000000	0.000000	0.000000	0.000000	0.000000	0.000000	
0.000000	0.000000	0.000000	0.038193	0.111832	0.000000	0.205816	0.132854	0.000000	0.035162	0.107589	0.000000	0.000000	0.099882	0.184321	0.084351	0.000000	0.000000	0.000000	0.000000	0.000000	0.000000	0.000000	0.000000	0.000000	0.000000	0.000000	0.000000	0.000000	0.000000	0.000000	
0.000000	0.000000	0.052908	0.000000	0.000000	0.000000	0.000000	0.249257	0.000000	0.381184	0.000000	0.000000	0.000000	0.000000	0.000000	0.315374	0.001278	0.000000	0.000000	0.000000	0.000000	0.000000	0.000000	0.000000	0.000000	0.000000	0.000000	0.000000	0.000000	0.000000	0.000000	
0.000000	0.000000	0.000000	0.000000	0.416057	0.000000	0.125433	0.000000	0.237118	0.000000	0.000000	0.000000	0.012699	0.208694	0.000000	0.000000	0.000000	0.000000	0.000000	0.000000	0.000000	0.000000	0.000000	0.000000	0.000000	0.000000	0.000000	0.000000	0.000000	0.000000	0.000000	
0.000000	0.000000	0.000000	0.177365	0.000000	0.000000	0.000000	0.102744	0.000000	0.027119	0.000000	0.149616	0.078916	0.000000	0.000000	0.000000	0.115108	0.000000	0.349133	0.000000	0.000000	0.000000	0.000000	0.000000	0.000000	0.000000	0.000000	0.000000	0.000000	0.000000	0.000000	
0.000000	0.000000	0.000000	0.000000	0.000000	0.000000	0.000000	0.000000	0.000000	0.000000	0.215393	0.000000	0.149258	0.000000	0.425170	0.000000	0.210178	0.000000	0.000000	0.000000	0.000000	0.000000	0.000000	0.000000	0.000000	0.000000	0.000000	0.000000	0.000000	0.000000	0.000000	
0.000000	0.000000	0.000000	0.000000	0.000000	0.309385	0.000000	0.000000	0.242624	0.000000	0.000000	0.073522	0.090720	0.000000	0.000000	0.000000	0.000000	0.283749	0.000000	0.000000	0.000000	0.000000	0.000000	0.000000	0.000000	0.000000	0.000000	0.000000	0.000000	0.000000	0.000000	
0.000000	0.000000	0.101038	0.121692	0.050206	0.000000	0.000000	0.000000	0.000000	0.000000	0.000000	0.000000	0.094531	0.085546	0.098289	0.000000	0.000000	0.174650	0.000000	0.182986	0.091060	0.000000	0.000000	0.000000	0.000000	0.000000	0.000000	0.000000	0.000000	0.000000	0.000000	
0.000000	0.000000	0.046021	0.000000	0.000000	0.223473	0.209411	0.000000	0.163536	0.000000	0.000000	0.000000	0.000000	0.008722	0.206673	0.000000	0.142164	0.000000	0.000000	0.000000	0.000000	0.000000	0.000000	0.000000	0.000000	0.000000	0.000000	0.000000	0.000000	0.000000	0.000000	
0.000000	0.000000	0.203375	0.000000	0.000000	0.000000	0.130105	0.000000	0.031857	0.000000	0.102748	0.000000	0.210738	0.000000	0.024039	0.191145	0.000000	0.000000	0.000000	0.000000	0.000000	0.000000	0.000000	0.105992	0.000000	0.000000	0.000000	0.000000	0.000000	0.000000	0.000000	
0.000000	0.000000	0.000000	0.000000	0.000000	0.000000	0.000000	0.000000	0.052718	0.112802	0.000000	0.103316	0.094665	0.182192	0.000000	0.185685	0.000000	0.082845	0.000000	0.068466	0.000000	0.000000	0.099555	0.000000	0.017756	0.000000	0.000000	0.000000	0.000000	0.000000	0.000000	
0.000000	0.000000	0.165664	0.000000	0.000000	0.000000	0.095457	0.000000	0.100289	0.000000	0.000000	0.000000	0.000000	0.000000	0.165567	0.000000	0.086788	0.000000	0.000000	0.000000	0.000000	0.204934	0.000000	0.000000	0.181301	0.000000	0.000000	0.000000	0.000000	0.000000	0.000000	
0.000000	0.000000	0.000000	0.044062	0.171464	0.000000	0.000000	0.082819	0.273229	0.000000	0.000000	0.000000	0.012774	0.000000	0.000000	0.000000	0.000000	0.217822	0.000000	0.118614	0.000000	0.000000	0.000000	0.079217	0.000000	0.000000	0.000000	0.000000	0.000000	0.000000	0.000000	
0.000000	0.000000	0.037680	0.128364	0.000000	0.000000	0.049135	0.035962	0.048842	0.000000	0.127965	0.207821	0.126445	0.000000	0.000000	0.000000	0.000000	0.000000	0.100384	0.000000	0.000000	0.000000	0.000000	0.026469	0.029184	0.000000	0.000000	0.081749	0.000000	0.000000	0.000000	
0.000000	0.000000	0.000000	0.000000	0.000000	0.000000	0.000000	0.000000	0.000000	0.000000	0.163099	0.000000	0.034484	0.000000	0.000000	0.201894	0.000000	0.200826	0.000000	0.108404	0.103687	0.000000	0.000000	0.000000	0.000000	0.000000	0.000000	0.187606	0.000000	0.000000	0.000000	
0.000000	0.000000	0.000000	0.000000	0.067635	0.096320	0.000000	0.000000	0.026558	0.000000	0.000000	0.000000	0.000000	0.000000	0.160982	0.120319	0.000000	0.021365	0.003193	0.000000	0.171109	0.000000	0.154714	0.000000	0.011623	0.000000	0.072396	0.000000	0.093785	0.000000	0.000000	
0.000000	0.000000	0.000000	0.000000	0.000000	0.000000	0.029619	0.172089	0.000000	0.000000	0.000000	0.000000	0.000000	0.000000	0.000000	0.000000	0.000000	0.000000	0.000000	0.008241	0.000000	0.334267	0.000000	0.334962	0.000000	0.000000	0.000000	0.000000	0.000000	0.120822	0.000000	
0.000000	0.000000	0.000000	0.000000	0.000000	0.000000	0.064690	0.127858	0.000000	0.000000	0.000000	0.000000	0.082350	0.000000	0.094228	0.068113	0.000000	0.000000	0.111283	0.000000	0.084559	0.000000	0.106157	0.000000	0.081651	0.118012	0.011182	0.000000	0.000000	0.000000	0.049919	
0.000000	0.000000	0.000000	0.000000	0.000000	0.000000	0.000000	0.000000	0.000000	0.000000	0.093446	0.000000	0.055971	0.059653	0.094814	0.083358	0.133516	0.000000	0.000000	0.000000	0.000000	0.000000	0.000000	0.151052	0.117334	0.041315	0.000000	0.000000	0.000000	0.000000	0.169541	
0.000000	0.000000	0.000000	0.000000	0.000000	0.000000	0.000000	0.000000	0.121398	0.000000	0.000000	0.045876	0.000000	0.000000	0.000000	0.000000	0.000000	0.047678	0.031269	0.074192	0.075768	0.000000	0.186124	0.000000	0.144401	0.000000	0.000000	0.185788	0.087505	0.000000	0.000000	
0.000000	0.000000	0.000000	0.000000	0.000000	0.000000	0.000000	0.000000	0.000000	0.000000	0.000000	0.000000	0.000000	0.000000	0.164335	0.000000	0.000000	0.292938	0.000000	0.000000	0.000000	0.000000	0.176817	0.110202	0.000000	0.073945	0.000000	0.000000	0.181763	0.000000	0.000000	
0.000000	0.000000	0.000000	0.000000	0.000000	0.000000	0.000000	0.000000	0.000000	0.000000	0.000000	0.000000	0.000000	0.097009	0.128417	0.000000	0.000000	0.000000	0.000000	0.000000	0.000000	0.386779	0.000000	0.000000	0.000000	0.000000	0.387794	0.000000	0.000000	0.000000	0.000000	
0.000000	0.000000	0.000000	0.000000	0.000000	0.000000	0.000000	0.000000	0.000000	0.000000	0.000000	0.000000	0.000000	0.000000	0.000000	0.000000	0.000000	0.000000	0.094149	0.000000	0.000000	0.202206	0.000000	0.258378	0.000000	0.000000	0.000000	0.445267	0.000000	0.000000	0.000000	
0.000000	0.000000	0.000000	0.000000	0.000000	0.000000	0.000000	0.000000	0.000000	0.000000	0.000000	0.000000	0.058602	0.000000	0.000000	0.000000	0.066667	0.000000	0.164107	0.000000	0.204506	0.000000	0.000000	0.233347	0.000000	0.000000	0.000000	0.000000	0.272770	0.000000	0.000000	
0.000000	0.000000	0.000000	0.000000	0.000000	0.000000	0.000000	0.000000	0.000000	0.000000	0.000000	0.000000	0.000000	0.000000	0.000000	0.000000	0.000000	0.004885	0.000000	0.000000	0.014714	0.000000	0.069493	0.000000	0.189989	0.218706	0.000000	0.000000	0.000000	0.238637	0.263577	
0.000000	0.000000	0.000000	0.000000	0.000000	0.000000	0.000000	0.000000	0.000000	0.000000	0.000000	0.000000	0.000000	0.000000	0.000000	0.000000	0.000000	0.000000	0.000000	0.000000	0.000000	0.067481	0.000000	0.000000	0.000000	0.178397	0.000000	0.322154	0.000000	0.000000	0.431968	
0.000000	0.000000	0.000000	0.000000	0.000000	0.000000	0.000000	0.000000	0.000000	0.000000	0.000000	0.000000	0.000000	0.000000	0.000000	0.000000	0.000000	0.000000	0.000000	0.000000	0.000000	0.000000	0.000000	0.000000	0.000000	0.000000	0.000000	0.000000	0.000000	0.000000	0.000000	
