0.000000	1.000000	0.000000	0.000000	0.000000	0.000000	0.000000	0.000000	0.000000	0.000000	0.000000	0.000000	0.000000	0.000000	0.000000	0.000000	0.000000	0.000000	0.000000	0.000000	0.000000	0.000000	0.000000	0.000000	0.000000	0.000000	0.000000	0.000000	0.000000	0.000000	0.000000	
0.000000	0.000000	0.286341	0.000000	0.000000	0.000000	0.000000	0.000000	0.043239	0.000000	0.670420	0.000000	0.000000	0.000000	0.000000	0.000000	0.000000	0.000000	0.000000	0.000000	0.000000	0.000000	0.000000	0.000000	0.000000	0.000000	0.000000	0.000000	0.000000	0.000000	0.000000	
0.000000	0.000000	0.000000	0.079960	0.000000	0.000000	0.585369	0.000000	0.000000	0.334671	0.000000	0.000000	0.000000	0.000000	0.000000	0.000000	0.000000	0.000000	0.000000	0.000000	0.000000	0.000000	0.000000	0.000000	0.000000	0.000000	0.000000	0.000000	0.000000	0.000000	0.000000	
0.000000	0.000000	0.000000	0.000000	0.557965	0.000000	0.000000	0.442035	0.000000	0.000000	0.000000	0.000000	0.000000	0.000000	0.000000	0.000000	0.000000	0.000000	0.000000	0.000000	0.000000	0.000000	0.000000	0.000000	0.000000	0.000000	0.000000	0.000000	0.000000	0.000000	0.000000	
0.000000	0.000000	0.306457	0.000000	0.000000	0.087666	0.000000	0.038782	0.000000	0.000000	0.000000	0.539446	0.027648	0.000000	0.000000	0.000000	0.000000	0.000000	0.000000	0.000000	0.000000	0.000000	0.000000	0.000000	0.000000	0.000000	0.000000	0.000000	0.000000	0.000000	0.000000	
0.000000	0.000000	0.000000	0.043960	0.164958	0.000000	0.066544	0.093661	0.000000	0.110752	0.113920	0.000000	0.000000	0.206270	0.015770	0.184166	0.000000	0.000000	0.000000	0.000000	0.000000	0.000000	0.000000	0.000000	0.000000	0.000000	0.000000	0.000000	0.000000	0.000000	0.000000	
0.000000	0.000000	0.302825	0.000000	0.000000	0.000000	0.000000	0.163412	0.000000	0.283956	0.000000	0.000000	0.000000	0.000000	0.000000	0.093716	0.156091	0.000000	0.000000	0.000000	0.000000	0.000000	0.000000	0.000000	0.000000	0.000000	0.000000	0.000000	0.000000	0.000000	0.000000	
0.000000	0.000000	0.000000	0.000000	0.367932	0.000000	0.283312	0.000000	0.148354	0.000000	0.000000	0.000000	0.059818	0.140585	0.000000	0.000000	0.000000	0.000000	0.000000	0.000000	0.000000	0.000000	0.000000	0.000000	0.000000	0.000000	0.000000	0.000000	0.000000	0.000000	0.000000	
0.000000	0.000000	0.000000	0.119756	0.000000	0.000000	0.000000	0.209394	0.000000	0.133384	0.000000	0.044400	0.206273	0.000000	0.000000	0.000000	0.189261	0.000000	0.097531	0.000000	0.000000	0.000000	0.000000	0.000000	0.000000	0.000000	0.000000	0.000000	0.000000	0.000000	0.000000	
0.000000	0.000000	0.000000	0.000000	0.000000	0.000000	0.000000	0.000000	0.000000	0.000000	0.441386	0.000000	0.357165	0.000000	0.165783	0.000000	0.035665	0.000000	0.000000	0.000000	0.000000	0.000000	0.000000	0.000000	0.000000	0.000000	0.000000	0.000000	0.000000	0.000000	0.000000	
0.000000	0.000000	0.000000	0.000000	0.000000	0.268939	0.000000	0.000000	0.191136	0.000000	0.000000	0.009492	0.273281	0.000000	0.000000	0.000000	0.000000	0.257152	0.000000	0.000000	0.000000	0.000000	0.000000	0.000000	0.000000	0.000000	0.000000	0.000000	0.000000	0.000000	0.000000	
0.000000	0.000000	0.217805	0.048914	0.051984	0.000000	0.000000	0.000000	0.000000	0.000000	0.000000	0.000000	0.207933	0.023521	0.076813	0.000000	0.000000	0.041615	0.000000	0.239630	0.091786	0.000000	0.000000	0.000000	0.000000	0.000000	0.000000	0.000000	0.000000	0.000000	0.000000	
0.000000	0.000000	0.062998	0.000000	0.000000	0.110502	0.360903	0.000000	0.127578	0.000000	0.000000	0.000000	0.000000	0.138084	0.173079	0.000000	0.026856	0.000000	0.000000	0.000000	0.000000	0.000000	0.000000	0.000000	0.000000	0.000000	0.000000	0.000000	0.000000	0.000000	0.000000	
0.000000	0.000000	0.048083	0.000000	0.000000	0.000000	0.238024	0.000000	0.173063	0.000000	0.203710	0.000000	0.217983	0.000000	0.027617	0.012615	0.000000	0.000000	0.000000	0.000000	0.000000	0.000000	0.000000	0.078905	0.000000	0.000000	0.000000	0.000000	0.000000	0.000000	0.000000	
0.000000	0.000000	0.000000	0.000000	0.000000	0.000000	0.000000	0.000000	0.088573	0.187850	0.000000	0.000237	0.200141	0.104688	0.000000	0.081904	0.000000	0.035285	0.000000	0.071281	0.000000	0.000000	0.171384	0.000000	0.058657	0.000000	0.000000	0.000000	0.000000	0.000000	0.000000	
0.000000	0.000000	0.113377	0.000000	0.000000	0.000000	0.071063	0.000000	0.256548	0.000000	0.000000	0.000000	0.000000	0.000000	0.038874	0.000000	0.182052	0.000000	0.000000	0.000000	0.000000	0.089461	0.000000	0.000000	0.248626	0.000000	0.000000	0.000000	0.000000	0.000000	0.000000	
0.000000	0.000000	0.000000	0.163994	0.064202	0.000000	0.000000	0.176718	0.120898	0.000000	0.000000	0.000000	0.171193	0.000000	0.000000	0.000000	0.000000	0.136192	0.000000	0.031979	0.000000	0.000000	0.000000	0.134824	0.000000	0.000000	0.000000	0.000000	0.000000	0.000000	0.000000	
0.000000	0.000000	0.033253	0.017126	0.000000	0.000000	0.050892	0.131202	0.129241	0.000000	0.097299	0.141790	0.150458	0.000000	0.000000	0.000000	0.000000	0.000000	0.065765	0.000000	0.000000	0.000000	0.000000	0.038355	0.040684	0.000000	0.000000	0.103935	0.000000	0.000000	0.000000	
0.000000	0.000000	0.000000	0.000000	0.000000	0.000000	0.000000	0.000000	0.000000	0.000000	0.156834	0.000000	0.197180	0.000000	0.000000	0.098864	0.000000	0.040011	0.000000	0.222270	0.138236	0.000000	0.000000	0.000000	0.000000	0.000000	0.000000	0.146604	0.000000	0.000000	0.000000	
0.000000	0.000000	0.000000	0.000000	0.136591	0.171704	0.000000	0.000000	0.137027	0.000000	0.000000	0.000000	0.000000	0.000000	0.016495	0.020386	0.000000	0.180043	0.052875	0.000000	0.046138	0.000000	0.060579	0.000000	0.102248	0.000000	0.051348	0.000000	0.024565	0.000000	0.000000	
0.000000	0.000000	0.000000	0.000000	0.000000	0.000000	0.183854	0.209966	0.000000	0.000000	0.000000	0.000000	0.000000	0.000000	0.000000	0.000000	0.000000	0.000000	0.000000	0.131647	0.000000	0.102324	0.000000	0.243825	0.000000	0.000000	0.000000	0.000000	0.000000	0.128384	0.000000	
0.000000	0.000000	0.000000	0.000000	0.000000	0.000000	0.008740	0.107252	0.000000	0.000000	0.000000	0.000000	0.034877	0.000000	0.063245	0.110868	0.000000	0.000000	0.077513	0.000000	0.104756	0.000000	0.131014	0.000000	0.000194	0.092982	0.110161	0.000000	0.000000	0.000000	0.158398	
0.000000	0.000000	0.000000	0.000000	0.000000	0.000000	0.000000	0.000000	0.000000	0.000000	0.149690	0.000000	0.237106	0.249975	0.015723	0.013679	0.095090	0.000000	0.000000	0.000000	0.000000	0.000000	0.000000	0.028760	0.093211	0.048836	0.000000	0.000000	0.000000	0.000000	0.067930	
0.000000	0.000000	0.000000	0.000000	0.000000	0.000000	0.000000	0.000000	0.053042	0.000000	0.000000	0.157215	0.000000	0.000000	0.000000	0.000000	0.000000	0.024630	0.074891	0.063931	0.209218	0.000000	0.036603	0.000000	0.208849	0.000000	0.000000	0.129535	0.042088	0.000000	0.000000	
0.000000	0.000000	0.000000	0.000000	0.000000	0.000000	0.000000	0.000000	0.000000	0.000000	0.000000	0.000000	0.000000	0.000000	0.107616	0.000000	0.000000	0.043460	0.000000	0.000000	0.000000	0.000000	0.078964	0.354399	0.000000	0.295988	0.000000	0.000000	0.119574	0.000000	0.000000	
0.000000	0.000000	0.000000	0.000000	0.000000	0.000000	0.000000	0.000000	0.000000	0.000000	0.000000	0.000000	0.000000	0.234934	0.278660	0.000000	0.000000	0.000000	0.000000	0.000000	0.000000	0.211193	0.000000	0.000000	0.000000	0.000000	0.275213	0.000000	0.000000	0.000000	0.000000	
0.000000	0.000000	0.000000	0.000000	0.000000	0.000000	0.000000	0.000000	0.000000	0.000000	0.000000	0.000000	0.000000	0.000000	0.000000	0.000000	0.000000	0.000000	0.112002	0.000000	0.000000	0.199939	0.000000	0.311334	0.000000	0.000000	0.000000	0.376726	0.000000	0.000000	0.000000	
0.000000	0.000000	0.000000	0.000000	0.000000	0.000000	0.000000	0.000000	0.000000	0.000000	0.000000	0.000000	0.047481	0.000000	0.000000	0.000000	0.072743	0.000000	0.117749	0.000000	0.217350	0.000000	0.000000	0.253748	0.000000	0.000000	0.000000	0.000000	0.290928	0.000000	0.000000	
0.000000	0.000000	0.000000	0.000000	0.000000	0.000000	0.000000	0.000000	0.000000	0.000000	0.000000	0.000000	0.000000	0.000000	0.000000	0.000000	0.000000	0.009977	0.000000	0.000000	0.091348	0.000000	0.138245	0.000000	0.159981	0.178192	0.000000	0.000000	0.000000	0.195335	0.226922	
0.000000	0.000000	0.000000	0.000000	0.000000	0.000000	0.000000	0.000000	0.000000	0.000000	0.000000	0.000000	0.000000	0.000000	0.000000	0.000000	0.000000	0.000000	0.000000	0.000000	0.000000	0.051931	0.000000	0.000000	0.000000	0.197741	0.000000	0.306463	0.000000	0.000000	0.443865	
0.000000	0.000000	0.000000	0.000000	0.000000	0.000000	0.000000	0.000000	0.000000	0.000000	0.000000	0.000000	0.000000	0.000000	0.000000	0.000000	0.000000	0.000000	0.000000	0.000000	0.000000	0.000000	0.000000	0.000000	0.000000	0.000000	0.000000	0.000000	0.000000	0.000000	0.000000	
