0.000000	1.000000	0.000000	0.000000	0.000000	0.000000	0.000000	0.000000	0.000000	0.000000	0.000000	0.000000	0.000000	0.000000	0.000000	0.000000	0.000000	0.000000	0.000000	0.000000	0.000000	0.000000	0.000000	0.000000	0.000000	0.000000	0.000000	0.000000	0.000000	0.000000	0.000000	
0.000000	0.000000	0.318413	0.000000	0.000000	0.000000	0.000000	0.000000	0.475337	0.000000	0.206250	0.000000	0.000000	0.000000	0.000000	0.000000	0.000000	0.000000	0.000000	0.000000	0.000000	0.000000	0.000000	0.000000	0.000000	0.000000	0.000000	0.000000	0.000000	0.000000	0.000000	
0.000000	0.000000	0.000000	0.108990	0.000000	0.000000	0.206798	0.000000	0.000000	0.684212	0.000000	0.000000	0.000000	0.000000	0.000000	0.000000	0.000000	0.000000	0.000000	0.000000	0.000000	0.000000	0.000000	0.000000	0.000000	0.000000	0.000000	0.000000	0.000000	0.000000	0.000000	
0.000000	0.000000	0.000000	0.000000	0.188612	0.000000	0.000000	0.811388	0.000000	0.000000	0.000000	0.000000	0.000000	0.000000	0.000000	0.000000	0.000000	0.000000	0.000000	0.000000	0.000000	0.000000	0.000000	0.000000	0.000000	0.000000	0.000000	0.000000	0.000000	0.000000	0.000000	
0.000000	0.000000	0.147029	0.000000	0.000000	0.208401	0.000000	0.158011	0.000000	0.000000	0.000000	0.399603	0.086957	0.000000	0.000000	0.000000	0.000000	0.000000	0.000000	0.000000	0.000000	0.000000	0.000000	0.000000	0.000000	0.000000	0.000000	0.000000	0.000000	0.000000	0.000000	
0.000000	0.000000	0.000000	0.132065	0.112445	0.000000	0.160287	0.001321	0.000000	0.120914	0.134472	0.000000	0.000000	0.133897	0.067345	0.137255	0.000000	0.000000	0.000000	0.000000	0.000000	0.000000	0.000000	0.000000	0.000000	0.000000	0.000000	0.000000	0.000000	0.000000	0.000000	
0.000000	0.000000	0.021660	0.000000	0.000000	0.000000	0.000000	0.118630	0.000000	0.121452	0.000000	0.000000	0.000000	0.000000	0.000000	0.425743	0.312515	0.000000	0.000000	0.000000	0.000000	0.000000	0.000000	0.000000	0.000000	0.000000	0.000000	0.000000	0.000000	0.000000	0.000000	
0.000000	0.000000	0.000000	0.000000	0.304905	0.000000	0.076324	0.000000	0.258192	0.000000	0.000000	0.000000	0.305585	0.054993	0.000000	0.000000	0.000000	0.000000	0.000000	0.000000	0.000000	0.000000	0.000000	0.000000	0.000000	0.000000	0.000000	0.000000	0.000000	0.000000	0.000000	
0.000000	0.000000	0.000000	0.208618	0.000000	0.000000	0.000000	0.150405	0.000000	0.087608	0.000000	0.235399	0.007035	0.000000	0.000000	0.000000	0.045832	0.000000	0.265103	0.000000	0.000000	0.000000	0.000000	0.000000	0.000000	0.000000	0.000000	0.000000	0.000000	0.000000	0.000000	
0.000000	0.000000	0.000000	0.000000	0.000000	0.000000	0.000000	0.000000	0.000000	0.000000	0.401310	0.000000	0.012286	0.000000	0.286538	0.000000	0.299866	0.000000	0.000000	0.000000	0.000000	0.000000	0.000000	0.000000	0.000000	0.000000	0.000000	0.000000	0.000000	0.000000	0.000000	
0.000000	0.000000	0.000000	0.000000	0.000000	0.017963	0.000000	0.000000	0.035821	0.000000	0.000000	0.246140	0.292975	0.000000	0.000000	0.000000	0.000000	0.407101	0.000000	0.000000	0.000000	0.000000	0.000000	0.000000	0.000000	0.000000	0.000000	0.000000	0.000000	0.000000	0.000000	
0.000000	0.000000	0.173477	0.006927	0.060719	0.000000	0.000000	0.000000	0.000000	0.000000	0.000000	0.000000	0.095212	0.125151	0.192180	0.000000	0.000000	0.125113	0.000000	0.012767	0.208453	0.000000	0.000000	0.000000	0.000000	0.000000	0.000000	0.000000	0.000000	0.000000	0.000000	
0.000000	0.000000	0.241487	0.000000	0.000000	0.079205	0.026771	0.000000	0.299505	0.000000	0.000000	0.000000	0.000000	0.051890	0.056359	0.000000	0.244783	0.000000	0.000000	0.000000	0.000000	0.000000	0.000000	0.000000	0.000000	0.000000	0.000000	0.000000	0.000000	0.000000	0.000000	
0.000000	0.000000	0.165629	0.000000	0.000000	0.000000	0.081893	0.000000	0.017022	0.000000	0.241027	0.000000	0.035950	0.000000	0.178876	0.031552	0.000000	0.000000	0.000000	0.000000	0.000000	0.000000	0.000000	0.248052	0.000000	0.000000	0.000000	0.000000	0.000000	0.000000	0.000000	
0.000000	0.000000	0.000000	0.000000	0.000000	0.000000	0.000000	0.000000	0.121228	0.162644	0.000000	0.037257	0.148035	0.105068	0.000000	0.052033	0.000000	0.075727	0.000000	0.106037	0.000000	0.000000	0.159205	0.000000	0.032766	0.000000	0.000000	0.000000	0.000000	0.000000	0.000000	
0.000000	0.000000	0.158307	0.000000	0.000000	0.000000	0.205045	0.000000	0.196110	0.000000	0.000000	0.000000	0.000000	0.000000	0.142136	0.000000	0.001419	0.000000	0.000000	0.000000	0.000000	0.081892	0.000000	0.000000	0.215091	0.000000	0.000000	0.000000	0.000000	0.000000	0.000000	
0.000000	0.000000	0.000000	0.264432	0.197767	0.000000	0.000000	0.009430	0.005618	0.000000	0.000000	0.000000	0.109959	0.000000	0.000000	0.000000	0.000000	0.009176	0.000000	0.091802	0.000000	0.000000	0.000000	0.311816	0.000000	0.000000	0.000000	0.000000	0.000000	0.000000	0.000000	
0.000000	0.000000	0.078844	0.132513	0.000000	0.000000	0.095916	0.126900	0.100632	0.000000	0.062590	0.119915	0.107894	0.000000	0.000000	0.000000	0.000000	0.000000	0.053792	0.000000	0.000000	0.000000	0.000000	0.041380	0.014303	0.000000	0.000000	0.065322	0.000000	0.000000	0.000000	
0.000000	0.000000	0.000000	0.000000	0.000000	0.000000	0.000000	0.000000	0.000000	0.000000	0.140365	0.000000	0.139998	0.000000	0.000000	0.114811	0.000000	0.189563	0.000000	0.096325	0.130098	0.000000	0.000000	0.000000	0.000000	0.000000	0.000000	0.188840	0.000000	0.000000	0.000000	
0.000000	0.000000	0.000000	0.000000	0.080107	0.003000	0.000000	0.000000	0.066582	0.000000	0.000000	0.000000	0.000000	0.000000	0.048582	0.077906	0.000000	0.086479	0.171125	0.000000	0.071380	0.000000	0.069862	0.000000	0.015811	0.000000	0.130959	0.000000	0.178206	0.000000	0.000000	
0.000000	0.000000	0.000000	0.000000	0.000000	0.000000	0.217228	0.213808	0.000000	0.000000	0.000000	0.000000	0.000000	0.000000	0.000000	0.000000	0.000000	0.000000	0.000000	0.253100	0.000000	0.014682	0.000000	0.119692	0.000000	0.000000	0.000000	0.000000	0.000000	0.181490	0.000000	
0.000000	0.000000	0.000000	0.000000	0.000000	0.000000	0.020469	0.007890	0.000000	0.000000	0.000000	0.000000	0.115601	0.000000	0.165230	0.054495	0.000000	0.000000	0.077387	0.000000	0.112994	0.000000	0.045485	0.000000	0.111996	0.090791	0.126930	0.000000	0.000000	0.000000	0.070732	
0.000000	0.000000	0.000000	0.000000	0.000000	0.000000	0.000000	0.000000	0.000000	0.000000	0.149554	0.000000	0.078189	0.118727	0.119967	0.049492	0.037395	0.000000	0.000000	0.000000	0.000000	0.000000	0.000000	0.013482	0.087540	0.160242	0.000000	0.000000	0.000000	0.000000	0.185413	
0.000000	0.000000	0.000000	0.000000	0.000000	0.000000	0.000000	0.000000	0.105550	0.000000	0.000000	0.066017	0.000000	0.000000	0.000000	0.000000	0.000000	0.062556	0.133147	0.108622	0.076528	0.000000	0.145807	0.000000	0.121002	0.000000	0.000000	0.051743	0.129028	0.000000	0.000000	
0.000000	0.000000	0.000000	0.000000	0.000000	0.000000	0.000000	0.000000	0.000000	0.000000	0.000000	0.000000	0.000000	0.000000	0.202083	0.000000	0.000000	0.000220	0.000000	0.000000	0.000000	0.000000	0.171910	0.236481	0.000000	0.358314	0.000000	0.000000	0.030993	0.000000	0.000000	
0.000000	0.000000	0.000000	0.000000	0.000000	0.000000	0.000000	0.000000	0.000000	0.000000	0.000000	0.000000	0.000000	0.327074	0.297420	0.000000	0.000000	0.000000	0.000000	0.000000	0.000000	0.158589	0.000000	0.000000	0.000000	0.000000	0.216918	0.000000	0.000000	0.000000	0.000000	
0.000000	0.000000	0.000000	0.000000	0.000000	0.000000	0.000000	0.000000	0.000000	0.000000	0.000000	0.000000	0.000000	0.000000	0.000000	0.000000	0.000000	0.000000	0.061689	0.000000	0.000000	0.199233	0.000000	0.263855	0.000000	0.000000	0.000000	0.475223	0.000000	0.000000	0.000000	
0.000000	0.000000	0.000000	0.000000	0.000000	0.000000	0.000000	0.000000	0.000000	0.000000	0.000000	0.000000	0.024337	0.000000	0.000000	0.000000	0.121409	0.000000	0.137156	0.000000	0.157899	0.000000	0.000000	0.164089	0.000000	0.000000	0.000000	0.000000	0.395111	0.000000	0.000000	
0.000000	0.000000	0.000000	0.000000	0.000000	0.000000	0.000000	0.000000	0.000000	0.000000	0.000000	0.000000	0.000000	0.000000	0.000000	0.000000	0.000000	0.012063	0.000000	0.000000	0.033587	0.000000	0.138572	0.000000	0.157901	0.166406	0.000000	0.000000	0.000000	0.228680	0.262792	
0.000000	0.000000	0.000000	0.000000	0.000000	0.000000	0.000000	0.000000	0.000000	0.000000	0.000000	0.000000	0.000000	0.000000	0.000000	0.000000	0.000000	0.000000	0.000000	0.000000	0.000000	0.012350	0.000000	0.000000	0.000000	0.289473	0.000000	0.316153	0.000000	0.000000	0.382024	
0.000000	0.000000	0.000000	0.000000	0.000000	0.000000	0.000000	0.000000	0.000000	0.000000	0.000000	0.000000	0.000000	0.000000	0.000000	0.000000	0.000000	0.000000	0.000000	0.000000	0.000000	0.000000	0.000000	0.000000	0.000000	0.000000	0.000000	0.000000	0.000000	0.000000	0.000000	
