309  0.00933390  2.667348  8.835871  0.628384  
165  0.04178274  1.552263  14.598682  0.297990  
348  0.00787887  1.825220  9.750816  0.657727  
398  0.00170284  1.658040  11.260262  0.747497  
239  0.02908524  1.941496  5.682089  0.447867  
323  0.01312925  2.922788  8.631397  0.597987  
256  0.01378573  2.717154  9.897610  0.579005  
222  0.02293612  2.625355  9.042787  0.489677  
177  0.00196902  2.287210  5.525834  0.744156  
329  0.01523328  2.713248  11.385083  0.549142  
158  0.03048045  1.879360  13.685568  0.441031  
151  0.02075582  2.378643  6.563158  0.522423  
222  0.03726661  1.984527  14.248024  0.351230  
165  0.02100855  1.585101  7.767113  0.517174  
237  0.04004956  1.736656  6.270791  0.315996  
151  0.02935591  1.489639  8.863643  0.447241  
239  0.04085409  1.172796  5.544450  0.311449  
204  0.03798889  2.350871  14.561449  0.349124  
118  0.04393164  1.422315  6.011078  0.286439  
122  0.00212754  2.439985  12.103488  0.743423  
269  0.01077099  2.909665  6.292459  0.611950  
332  0.02910318  1.926237  7.391430  0.447424  
225  0.04194125  2.596850  8.434248  0.288163  
141  0.01517795  2.950438  9.869839  0.561472  
206  0.00480432  2.389447  9.516129  0.683866  
225  0.00425550  2.364788  11.455885  0.685270  
250  0.00258364  2.332682  14.215369  0.738952  
293  0.03913288  2.173620  6.538438  0.329073  
180  0.00825721  2.385662  14.010895  0.653638  
220  0.01479064  1.786645  13.842433  0.571421  
160  0.01606174  1.628315  12.716300  0.545465  
198  0.00349733  1.062563  7.996307  0.692930  
228  0.00355416  1.977020  14.692679  0.690794  
288  0.00333732  1.014893  10.238502  0.706664  
277  0.01289596  1.113895  7.657247  0.606090  
323  0.02038047  1.226997  5.041810  0.524957  
388  0.02884298  2.622486  12.729423  0.451636  
143  0.02508054  2.730705  13.849452  0.481101  
166  0.02354476  2.509812  6.477096  0.486793  
380  0.02181906  1.591266  9.773705  0.509087  
394  0.03723969  2.645680  9.523148  0.373157  
390  0.00898547  2.961058  9.333628  0.640103  
368  0.01894488  1.402783  9.949797  0.541025  
198  0.04953642  1.164617  10.277871  0.258286  
124  0.02989425  2.191870  13.600421  0.443503  
265  0.01601688  1.710715  9.573199  0.546243  
106  0.01338197  1.900479  13.616291  0.583155  
185  0.01036872  1.238289  13.931547  0.613155  
260  0.02950545  1.720969  14.475082  0.445471  
248  0.01586435  2.551561  8.085421  0.546609  
112  0.00857274  2.727042  7.593463  0.640469  
155  0.03818778  1.319834  14.629505  0.347430  
119  0.02446294  2.097201  12.547838  0.486442  
314  0.04122346  1.980926  14.894711  0.298082  
384  0.01939799  1.323252  6.329691  0.530725  
228  0.03054176  2.118992  14.249855  0.432287  
220  0.03825806  1.339427  9.102908  0.332659  
305  0.03515510  2.362651  8.671072  0.385807  
241  0.00516172  1.512772  14.858089  0.682615  
205  0.03986264  1.896390  13.673055  0.321337  
239  0.01333262  2.094211  5.463576  0.588984  
381  0.00555651  1.261788  12.953429  0.673292  
378  0.04481542  1.297250  13.119755  0.283113  
201  0.03846294  1.488357  13.659627  0.329516  
216  0.00701453  2.893612  5.371410  0.666211  
233  0.04727836  2.987426  9.264657  0.279801  
180  0.04101859  2.342875  14.916074  0.300981  
140  0.00214548  2.319864  10.907163  0.742553  
167  0.04569472  1.261055  9.651326  0.280702  
117  0.01289746  1.153813  14.937132  0.601268  
214  0.02647127  1.720847  13.050172  0.457785  
321  0.00768148  2.718070  9.595172  0.662275  
278  0.03690323  1.727317  7.222358  0.383137  
309  0.00973318  2.074801  8.452559  0.616726  
140  0.01440333  1.464370  7.224799  0.577723  
322  0.01494317  2.839412  13.728294  0.565882  
111  0.01644755  2.818842  11.521805  0.544183  
205  0.03405448  1.801660  10.120701  0.394810  
176  0.02564730  2.504318  6.255531  0.471839  
272  0.00898996  1.522538  10.595874  0.637173  
212  0.00326106  2.081332  6.397443  0.707656  
295  0.01808502  2.618824  10.895871  0.544000  
247  0.01817176  2.546495  11.161382  0.541513  
265  0.02585665  1.379162  10.655995  0.461524  
357  0.03312433  1.201544  10.539720  0.407628  
128  0.02179962  1.808313  7.155217  0.512932  
156  0.00852339  2.452681  10.699637  0.644192  
124  0.00235932  1.435987  14.157079  0.739883  
215  0.03589532  2.288308  14.507736  0.385578  
289  0.03204913  2.497299  14.245277  0.407994  
311  0.01303952  2.688345  5.902127  0.598903  
106  0.00268084  1.639912  9.811548  0.714858  
261  0.02944563  1.376904  9.417859  0.446097  
319  0.03203867  1.398938  6.607715  0.418172  
338  0.04926875  2.398663  5.180975  0.259552  
250  0.02701260  2.538804  5.831935  0.451834  
336  0.04992224  2.218360  11.353648  0.250183  
279  0.04871993  1.261299  7.305063  0.274369  
226  0.02148558  2.676748  6.558580  0.516381  
158  0.00404764  2.450728  8.643605  0.690764  
