369  0.02636659  1.705405  14.633168  0.465201  
130  0.04454176  2.211158  11.660665  0.299654  
339  0.00731211  1.166448  10.183569  0.668989  
212  0.02020402  2.277200  8.881344  0.526727  
170  0.01034330  1.542436  9.362621  0.613140  
273  0.04836103  1.336436  11.217536  0.273515  
365  0.04062679  2.877682  6.976989  0.362430  
122  0.01013993  1.087588  9.167913  0.614711  
218  0.03020829  2.822871  8.938108  0.424795  
123  0.02664772  2.087802  11.703696  0.456381  
391  0.01736125  1.933073  13.924833  0.545053  
160  0.03426084  2.108615  5.659505  0.399327  
201  0.01732984  2.064425  8.878903  0.547388  
396  0.00290963  2.821894  14.236427  0.720611  
164  0.01488485  1.668661  13.844264  0.566813  
381  0.00709079  2.081088  8.127537  0.689634  
386  0.04328562  2.820307  6.128269  0.328112  
244  0.04160329  1.522416  5.921354  0.342593  
357  0.04520722  1.752159  9.653768  0.297029  
306  0.01927238  2.446089  11.855678  0.530450  
373  0.00262551  1.772729  8.892941  0.729568  
293  0.01815680  2.209265  9.962310  0.535791  
274  0.00996347  2.943113  14.223609  0.615719  
163  0.00830357  1.912381  5.376293  0.632870  
366  0.02884149  1.050111  13.144475  0.438147  
269  0.02687652  1.242317  7.350536  0.454657  
187  0.03413971  1.481643  5.789514  0.413152  
318  0.01584490  1.199896  5.571001  0.552774  
220  0.03414420  1.828455  9.840541  0.410131  
123  0.00721641  1.332835  12.951598  0.680326  
344  0.02235142  2.669362  5.501419  0.486503  
395  0.01636979  2.271706  5.442824  0.548273  
118  0.02226469  1.280892  11.934111  0.497993  
201  0.03550203  2.073580  13.795740  0.388981  
294  0.00117197  2.202612  8.657033  0.741455  
276  0.04143730  1.365795  14.880673  0.343829  
249  0.00588250  1.937712  5.228889  0.696409  
347  0.00958364  2.801630  12.390667  0.626400  
147  0.04235249  2.824091  6.193884  0.338992  
286  0.02537513  2.141636  9.721824  0.474723  
331  0.00187930  1.517960  12.145604  0.734008  
397  0.02649519  2.605274  12.865841  0.459861  
213  0.00737193  2.851680  7.995392  0.661374  
356  0.04766118  2.251015  9.431288  0.274964  
261  0.01404294  2.297403  12.459334  0.577403  
153  0.03361333  1.288156  12.759941  0.414251  
359  0.01522132  2.149693  14.577929  0.564920  
254  0.00576287  1.648457  8.701590  0.697783  
322  0.03538838  2.073275  10.074313  0.397679  
385  0.00438261  2.103305  8.266396  0.698714  
300  0.01181329  2.103916  8.715934  0.606059  
103  0.03073766  1.951262  13.295846  0.419622  
133  0.02876821  1.789880  9.895169  0.442770  
264  0.00310703  2.068026  5.748314  0.705519  
381  0.02893719  1.162358  13.575701  0.425619  
247  0.04235847  1.163823  5.439161  0.332141  
180  0.01590472  1.886135  13.857692  0.552118  
264  0.01786221  2.674856  7.336192  0.539102  
167  0.00116300  2.505966  8.910031  0.746460  
300  0.00105832  1.077090  9.073611  0.748337  
314  0.03750737  2.428877  10.183874  0.372196  
235  0.00404465  2.808344  13.417615  0.701964  
387  0.04259774  1.409619  11.887112  0.331011  
347  0.03747746  1.656453  10.288858  0.378101  
236  0.01664196  1.093265  14.920652  0.547922  
196  0.01759453  2.682119  9.837184  0.539254  
155  0.00289169  2.858394  14.107028  0.722335  
210  0.00787289  1.730552  13.242134  0.659711  
277  0.02299744  2.054292  9.826807  0.477424  
136  0.04742940  2.607410  12.614673  0.277543  
119  0.03743559  2.978515  11.372570  0.382008  
365  0.00819739  2.293313  6.876888  0.647824  
282  0.03920914  1.849452  5.670186  0.366306  
383  0.01410425  1.406446  7.993866  0.576441  
146  0.03109806  2.848933  7.780541  0.418004  
117  0.02311109  1.731712  12.758110  0.476112  
301  0.02088742  1.278024  14.998779  0.517174  
324  0.03425486  2.283242  10.637989  0.407262  
114  0.00246849  2.252968  10.685598  0.731552  
221  0.04672356  1.291635  9.328745  0.282670  
317  0.03753429  1.397290  13.442335  0.367420  
333  0.04582034  2.962706  7.781152  0.295457  
207  0.01396817  1.934843  8.109836  0.587764  
151  0.02732215  2.095126  12.910092  0.451209  
287  0.01196432  2.678945  13.619037  0.603587  
202  0.02061226  1.913114  12.149571  0.519967  
276  0.04876330  1.921964  5.155339  0.272446  
212  0.04190088  2.020112  10.746635  0.341113  
141  0.02142277  1.388012  10.695364  0.500862  
113  0.00623542  1.462600  11.465041  0.695799  
382  0.04586221  2.476302  10.983154  0.294679  
197  0.00373959  1.756615  6.419416  0.703215  
120  0.04102905  2.247963  13.672445  0.353885  
166  0.04790793  1.622333  7.341075  0.273652  
273  0.01533198  1.237251  12.920469  0.560053  
270  0.04383892  2.350688  12.933897  0.300859  
179  0.04372677  1.451613  11.456496  0.325076  
287  0.01619333  1.429701  11.389966  0.551096  
208  0.03301367  1.118534  9.259163  0.415075  
299  0.03647554  1.549638  13.792383  0.386189  
