359  0.02337129  1.084048  7.777490  0.396092  
137  0.02820743  1.623310  11.345714  0.362384  
284  0.03665499  2.521165  7.310556  0.330767  
303  0.04666823  1.260018  7.373119  0.274522  
241  0.02214356  1.017029  14.017304  0.428472  
247  0.01829289  1.462661  5.019837  0.484565  
381  0.00686798  2.425336  8.272805  0.651959  
343  0.02283294  1.431898  14.919736  0.422491  
276  0.02289575  1.339061  14.009369  0.421041  
387  0.02771844  1.504715  14.904477  0.369129  
278  0.01381863  1.924223  5.480361  0.572932  
124  0.02241273  2.681143  7.453688  0.423818  
129  0.03265178  1.382763  9.877468  0.354144  
323  0.01443025  1.149907  11.226081  0.549005  
253  0.02704102  2.761162  7.593463  0.370029  
233  0.02875176  2.962157  11.931364  0.362018  
118  0.02185195  2.413007  12.968078  0.439779  
141  0.01737620  2.770501  6.277505  0.495125  
228  0.04729630  2.433271  13.291574  0.270936  
177  0.01000684  2.604724  11.945402  0.603343  
274  0.04555266  2.036897  8.942991  0.275880  
194  0.01545311  1.233161  7.824793  0.519509  
164  0.01688870  2.424482  9.033326  0.503410  
256  0.01337449  1.026063  13.295236  0.579798  
123  0.01519739  1.399548  11.099124  0.521065  
280  0.02157680  2.628895  14.411908  0.457785  
367  0.01832429  1.129215  6.445662  0.467277  
333  0.01441081  1.431104  9.727622  0.551691  
310  0.03514762  1.227424  10.967895  0.342212  
171  0.04595193  1.021973  10.370037  0.274857  
218  0.02173083  2.030549  10.904416  0.453528  
126  0.04973531  2.813776  9.170660  0.254334  
157  0.03759410  1.781396  10.265664  0.327136  
222  0.02801752  1.031617  13.351695  0.367298  
280  0.03394382  2.694632  7.867519  0.353610  
392  0.00987374  1.571490  5.764489  0.618267  
387  0.02204486  2.783013  13.252815  0.439627  
276  0.00816150  1.057558  12.189245  0.638302  
296  0.00766802  1.143864  8.527329  0.649503  
327  0.01257295  2.045625  8.008820  0.583415  
300  0.02501175  2.375408  13.566240  0.387791  
392  0.00167144  2.962951  7.904752  0.732269  
134  0.02062423  1.171697  11.337779  0.462683  
157  0.04730528  2.299783  8.332316  0.270386  
129  0.04807691  1.182440  14.587695  0.264679  
111  0.04200855  1.026734  5.673544  0.299593  
397  0.03405448  1.161260  10.988037  0.348865  
332  0.00728370  2.449202  14.404889  0.651028  
269  0.04997159  2.527818  7.406690  0.253464  
387  0.00288870  1.978423  10.556505  0.727920  
142  0.03454946  1.970244  11.375011  0.348209  
307  0.02478146  1.853664  7.495499  0.390904  
313  0.03485452  2.876034  5.448622  0.344745  
107  0.00925465  2.926450  14.817499  0.624783  
132  0.01555928  2.444807  14.146702  0.513970  
320  0.02097864  2.485580  8.198950  0.461249  
369  0.04840889  1.559954  9.820399  0.262268  
313  0.01761248  2.994507  9.632099  0.489296  
371  0.01450352  2.125034  9.369640  0.528542  
151  0.00318329  2.786859  14.833369  0.688810  
103  0.01594659  1.854884  14.443953  0.511956  
264  0.01280474  1.477004  9.006775  0.581919  
339  0.00489703  1.704184  9.894253  0.663633  
372  0.02067507  1.326182  14.828791  0.461707  
392  0.01815979  2.463240  5.037233  0.488899  
230  0.03873659  2.326945  8.712882  0.312120  
279  0.00639244  2.804193  5.965911  0.662122  
372  0.03793954  2.570116  14.416486  0.325442  
310  0.00767699  1.471877  11.006348  0.639752  
282  0.04009143  1.787255  8.058260  0.310366  
250  0.01614100  1.630085  11.661580  0.505577  
162  0.00861461  2.079134  6.929685  0.626324  
349  0.00307862  1.844508  14.306314  0.704497  
362  0.00656142  2.980651  7.298654  0.657956  
100  0.02638603  2.066378  9.695883  0.375813  
256  0.01690066  1.442946  5.033570  0.500481  
393  0.00854732  2.511765  14.342021  0.634045  
175  0.00462786  2.267617  8.509323  0.667615  
384  0.02568917  2.776543  6.176489  0.386540  
326  0.03470946  2.265847  7.188177  0.344852  
340  0.00977206  2.121494  12.963805  0.620647  
317  0.04941530  1.187811  12.723624  0.260102  
158  0.00369323  1.869228  11.859951  0.675077  
214  0.04336338  1.515458  13.668477  0.296587  
300  0.02929759  1.511490  8.623157  0.354816  
171  0.03866631  2.794794  11.155583  0.317629  
388  0.00384426  1.693869  11.472060  0.672422  
129  0.01910041  1.547746  12.441939  0.464087  
160  0.00395941  1.967864  13.754234  0.668943  
274  0.04435334  2.198035  13.317515  0.281953  
219  0.04795279  1.326792  7.661824  0.270066  
284  0.04117859  1.119510  10.225379  0.303285  
242  0.00656590  1.330454  14.435102  0.654477  
205  0.00797009  2.125401  9.841151  0.639706  
205  0.02602264  1.311838  11.143071  0.386479  
114  0.02185195  2.702628  9.030580  0.348865  
146  0.03547212  1.008911  6.401715  0.340976  
275  0.01702029  1.316355  12.822810  0.496345  
386  0.01224995  2.217383  13.590960  0.602306  
328  0.00301431  2.410504  13.506729  0.704711  
