207  0.04121149  1.970977  6.469771  0.352176  
196  0.01274343  2.560533  11.497085  0.658307  
387  0.02258321  1.571917  14.855953  0.569834  
136  0.02877120  1.851222  9.400464  0.495903  
256  0.00185238  2.766533  13.429518  0.734069  
290  0.00861760  2.193030  6.056856  0.680403  
229  0.01776800  2.741447  11.054872  0.603465  
107  0.04874087  2.218726  8.438826  0.280778  
112  0.03021726  1.648457  7.473525  0.464576  
214  0.01265072  1.859279  7.430799  0.660794  
342  0.04928520  2.310343  5.104984  0.252762  
290  0.03734736  1.934050  9.952849  0.376972  
394  0.03060906  1.854640  12.228614  0.455252  
180  0.04700620  2.362163  5.827357  0.306124  
348  0.02905383  1.529252  6.261330  0.473594  
158  0.04891882  2.151280  14.549242  0.272782  
290  0.01525422  2.111728  8.439741  0.625851  
229  0.04598483  2.403180  5.865200  0.322268  
221  0.04937043  2.391095  10.220801  0.252106  
221  0.00181500  1.437635  10.147252  0.745956  
162  0.01005918  1.424574  13.381909  0.671369  
142  0.02591498  2.031159  11.094546  0.516427  
381  0.04791092  1.899075  6.353496  0.285676  
143  0.03844200  1.943388  5.691855  0.368213  
220  0.02285986  2.213355  5.055544  0.559503  
354  0.01394723  1.610126  5.727256  0.630139  
139  0.03827302  1.088382  13.628193  0.368580  
125  0.02935142  2.371258  12.853023  0.466529  
160  0.03283721  2.860408  5.230720  0.419362  
144  0.03131040  2.119541  6.386456  0.451727  
343  0.04392117  2.364544  11.789453  0.332659  
393  0.04828626  2.059969  11.026795  0.285096  
286  0.03322602  1.730064  10.398114  0.412389  
372  0.01006217  1.598468  11.687521  0.670820  
338  0.02494894  1.719871  9.352855  0.529366  
135  0.04338731  1.493301  5.949736  0.334811  
314  0.03699295  1.723899  14.697562  0.378925  
143  0.03685089  1.547868  12.463301  0.387196  
207  0.01358684  1.392651  14.978027  0.645459  
343  0.04138795  1.547319  7.241890  0.348590  
280  0.02863512  1.432875  13.877529  0.497551  
350  0.01871459  2.101047  10.448469  0.597072  
184  0.01283166  1.528947  13.781701  0.647809  
196  0.04105148  2.788324  5.180364  0.353931  
349  0.01674215  1.950468  14.355144  0.619564  
199  0.04648878  1.777184  8.230689  0.313631  
121  0.02111023  2.411664  5.159001  0.573176  
146  0.00164602  1.134465  12.034211  0.747604  
344  0.02350887  1.407605  6.433760  0.552072  
247  0.01179684  2.629139  8.285012  0.667600  
200  0.03141658  1.818079  13.667562  0.450232  
129  0.01373489  1.192877  8.251442  0.635937  
295  0.01881777  2.293863  5.746788  0.596049  
170  0.04720209  2.597888  13.904080  0.299242  
360  0.02477248  1.068850  9.539323  0.534463  
381  0.02905832  1.585040  8.833125  0.470954  
138  0.02708139  1.625019  11.982330  0.508873  
294  0.00251335  1.886868  9.831996  0.711562  
244  0.00246699  2.331217  10.388958  0.713347  
176  0.02079022  1.572832  10.185400  0.584071  
133  0.02246806  1.021912  8.958251  0.571924  
192  0.01682739  1.168523  5.422376  0.613109  
123  0.02796219  2.738212  10.671560  0.505516  
147  0.04896667  1.298410  12.779168  0.257202  
163  0.03670284  2.761223  5.107425  0.401570  
384  0.00727323  2.434919  8.124180  0.687819  
116  0.02884896  1.886929  10.457930  0.483467  
241  0.02433433  2.949278  9.921110  0.539789  
375  0.04606409  2.861690  8.435469  0.316591  
157  0.03604935  2.305460  10.113987  0.405354  
254  0.01581799  2.278359  10.090487  0.622372  
141  0.01743901  1.161748  7.949004  0.610378  
107  0.01276287  1.267891  5.010987  0.648938  
227  0.01373788  2.604724  5.885037  0.630856  
206  0.02798163  1.260933  12.277139  0.498100  
215  0.02420124  1.975555  8.167516  0.548090  
287  0.03933924  2.194555  5.057375  0.355655  
266  0.01447810  2.021332  13.607135  0.627590  
317  0.02050310  2.040437  8.193762  0.593165  
230  0.03477825  2.651234  5.832850  0.408269  
233  0.03124461  2.692740  5.703452  0.452231  
310  0.00396988  1.662496  8.065584  0.697707  
382  0.03292544  2.319132  9.147771  0.414663  
184  0.00300085  1.663594  6.503037  0.707442  
343  0.00225465  2.501999  14.454939  0.717620  
279  0.01089212  2.314554  7.997528  0.669828  
196  0.02109079  2.125767  10.375530  0.574961  
202  0.02414142  1.183599  5.061037  0.551035  
108  0.02589554  1.249641  12.452925  0.522637  
331  0.03273254  2.223548  5.633869  0.436880  
110  0.03408737  1.400159  8.527635  0.410970  
234  0.02431938  1.360546  7.728660  0.541665  
226  0.03648750  2.060579  11.580706  0.404897  
149  0.02057488  1.208014  11.261177  0.584544  
236  0.02109079  2.893674  9.409314  0.348590  
117  0.00430335  2.718070  12.379986  0.692869  
366  0.00203183  1.639241  14.478133  0.729980  
231  0.01788314  1.915860  10.614490  0.598964  
118  0.04755202  2.948607  7.538530  0.296083  
133  0.04302393  1.975372  7.468337  0.347690  
