151  0.03553792  1.887356  11.530961  0.396825  
242  0.01378573  2.038545  7.917264  0.618480  
227  0.00958962  1.719382  14.080477  0.690580  
228  0.02552767  1.607440  14.879452  0.474631  
307  0.03596710  1.118778  13.894620  0.390385  
211  0.02692288  2.294595  12.375713  0.453192  
191  0.01803867  1.397351  14.725333  0.589518  
110  0.01571331  2.455306  7.021241  0.605480  
145  0.04247511  1.935087  6.614429  0.330340  
246  0.02936637  1.995514  10.943785  0.442785  
215  0.00202435  2.001984  14.068880  0.737350  
210  0.01357637  1.699973  13.467971  0.622570  
339  0.01105512  1.822962  10.909909  0.689482  
327  0.03065093  1.005799  5.170293  0.413091  
306  0.04649028  1.300851  8.061007  0.301332  
314  0.01728349  1.512345  7.462844  0.596477  
247  0.00129609  1.537736  9.674520  0.738800  
367  0.02945311  1.910306  14.941099  0.440191  
160  0.01357488  2.421796  11.082034  0.655316  
355  0.01183721  2.690847  7.601398  0.668500  
251  0.02137043  1.333811  5.269173  0.558695  
289  0.00594232  1.200873  6.925108  0.708861  
311  0.01126148  1.717551  9.208502  0.685072  
164  0.02061525  2.600269  14.997864  0.560663  
156  0.02892074  2.105686  13.657186  0.444174  
317  0.00533369  1.295175  10.545518  0.713149  
227  0.01417902  2.448531  6.237831  0.615490  
275  0.03757466  1.723716  11.257515  0.351932  
229  0.02201196  1.501297  13.951079  0.547830  
332  0.04467785  2.200232  9.277779  0.319887  
227  0.00397736  2.842891  14.025239  0.730926  
289  0.02539009  2.140538  7.558977  0.486122  
114  0.03179192  2.070956  7.432630  0.407094  
280  0.04041743  2.632374  10.094760  0.341205  
215  0.01218863  2.099033  13.698691  0.663190  
177  0.04231211  2.242225  10.163732  0.330462  
106  0.04902200  1.513443  5.109867  0.268509  
187  0.02775433  1.407544  8.867916  0.452933  
303  0.01196731  2.891964  9.321116  0.665418  
147  0.04603568  2.999451  12.662282  0.309343  
324  0.03912690  2.082675  7.865993  0.342929  
275  0.03632600  2.913083  14.540086  0.386235  
224  0.02162615  1.945219  10.550401  0.548578  
233  0.02533476  2.091830  10.273293  0.489601  
151  0.02894018  1.216742  8.275552  0.442862  
328  0.04026341  1.473952  9.875332  0.341250  
198  0.02336082  1.232673  5.868557  0.537576  
344  0.00778765  1.214179  6.504563  0.695280  
108  0.02777377  2.452376  8.136998  0.449499  
300  0.03312732  2.426618  11.611225  0.404530  
159  0.01108652  1.371471  12.940001  0.685133  
136  0.00631916  2.870846  7.491226  0.706359  
396  0.01098483  2.686575  10.795465  0.690214  
117  0.00877013  2.711844  7.808924  0.693815  
305  0.01578509  1.768273  7.659078  0.598659  
328  0.04089148  1.970000  14.319132  0.334948  
103  0.02270135  2.849116  12.309488  0.541314  
367  0.04567229  2.799615  5.231330  0.315935  
172  0.03025764  1.082949  8.455000  0.414907  
343  0.00408802  2.532640  8.652455  0.723800  
297  0.03784234  2.047090  10.530869  0.349963  
328  0.03072570  2.759026  14.546495  0.408284  
110  0.02470818  2.570177  7.409742  0.515481  
179  0.04590258  2.826044  11.973479  0.314882  
294  0.03211194  2.245033  6.153600  0.406636  
125  0.00407605  2.284646  6.179846  0.729202  
241  0.02405768  1.863063  14.757683  0.523461  
206  0.02148259  1.236579  13.746605  0.554468  
239  0.04710340  1.542131  14.802850  0.290498  
166  0.02399338  1.492874  14.622791  0.527795  
195  0.04638710  1.760704  8.323160  0.303041  
184  0.04914014  2.192480  8.823359  0.252686  
180  0.01318159  1.110477  14.215369  0.656613  
164  0.04331404  2.299844  14.007538  0.329211  
389  0.02041487  1.581561  14.467452  0.580470  
193  0.03637684  2.450240  9.395886  0.377400  
370  0.04830720  1.855129  5.586261  0.269440  
166  0.01952062  1.194342  12.769097  0.585307  
366  0.02044627  1.646260  12.094638  0.565271  
294  0.02524802  1.056825  11.814478  0.514946  
185  0.01542320  1.859584  13.135319  0.613659  
218  0.01493869  1.217475  10.198218  0.615184  
334  0.00564922  2.451949  6.293680  0.711837  
387  0.04779876  1.300241  13.581194  0.282258  
384  0.03661910  2.679495  10.956908  0.367389  
186  0.01911985  1.962004  12.702567  0.587443  
234  0.03910446  1.099734  13.168584  0.346805  
383  0.01988998  1.960601  10.831477  0.580699  
104  0.01166674  1.545244  11.221809  0.684385  
245  0.03393185  1.403333  12.586596  0.400578  
384  0.02650865  2.539659  12.419660  0.461356  
386  0.03018436  2.174596  11.617939  0.435110  
225  0.03513416  1.538835  12.784661  0.399556  
283  0.00637599  2.376019  7.164983  0.700407  
118  0.04797971  2.193518  9.248177  0.272950  
376  0.03356249  1.225776  5.302744  0.400807  
280  0.00468767  2.804559  14.268777  0.717772  
200  0.00267934  1.505692  11.019471  0.734466  
266  0.02879662  1.519852  12.133091  0.448386  
283  0.04076437  1.573382  13.384045  0.340136  
