250  0.02079919  2.857784  10.680410  0.543176  
279  0.01268511  1.412366  9.211859  0.645108  
199  0.01856655  1.082278  8.052767  0.569285  
277  0.00953728  2.431440  12.050386  0.677686  
130  0.01743303  1.054201  7.627033  0.576746  
292  0.02306623  1.994293  14.270302  0.510353  
391  0.02065264  2.684927  11.710715  0.549951  
330  0.03905811  2.211280  11.795557  0.403096  
205  0.02796368  1.281442  12.190771  0.459510  
114  0.04241231  1.606952  14.751885  0.324572  
304  0.00431083  1.135807  10.324870  0.715270  
384  0.02392907  1.140263  14.390545  0.494102  
299  0.01588827  1.935820  14.525742  0.613124  
232  0.03069579  1.949431  8.204443  0.444937  
162  0.02144072  1.202643  10.550401  0.532968  
198  0.00650758  2.368328  12.533189  0.698729  
362  0.03756120  1.246590  9.242988  0.409230  
387  0.00417475  1.469375  6.333964  0.719726  
325  0.03131788  2.321757  9.088870  0.432546  
185  0.04088400  2.875301  12.487106  0.378132  
355  0.00956569  1.010987  10.640126  0.672880  
167  0.02324268  1.101138  5.191351  0.503288  
210  0.04127580  2.623829  13.554949  0.368046  
220  0.02323521  2.491867  5.019227  0.505409  
277  0.04390023  2.801325  10.841853  0.305101  
380  0.04026341  1.147343  8.190405  0.384342  
386  0.01968062  2.838496  5.157781  0.566950  
144  0.01690066  2.346110  14.953307  0.585475  
123  0.03561867  1.707053  14.914243  0.416295  
304  0.04992673  1.118229  14.771416  0.251404  
181  0.04215958  1.640095  9.763024  0.331652  
120  0.00790878  1.048036  14.644765  0.680570  
292  0.00509891  1.675619  12.012848  0.713271  
178  0.02915851  1.340403  12.521592  0.458335  
136  0.02944264  2.997864  8.892636  0.454382  
381  0.01126597  1.925748  11.700644  0.652448  
153  0.02657894  1.511917  6.629383  0.475166  
111  0.01109998  2.147252  5.565508  0.652783  
144  0.02775881  1.091739  7.233650  0.459799  
332  0.00276608  1.623493  6.243629  0.731689  
374  0.02013224  1.601764  8.998535  0.561258  
269  0.02520914  1.464248  7.037111  0.485588  
188  0.04717518  1.358104  8.209021  0.288331  
129  0.00862658  1.377148  8.043611  0.679930  
129  0.00271972  2.419660  8.726310  0.732330  
124  0.00298590  2.601428  8.444929  0.725127  
252  0.01679150  1.225715  14.179052  0.599330  
207  0.02372271  1.276620  8.822748  0.501625  
191  0.04650673  2.884579  10.704825  0.304765  
134  0.01840504  1.064699  13.745994  0.569590  
289  0.04818906  1.106693  12.835017  0.281465  
385  0.04167956  2.829768  10.049898  0.344501  
314  0.00104636  1.625813  7.374035  0.743286  
322  0.03151378  2.200110  10.939817  0.432394  
132  0.04705405  1.203070  6.345256  0.301973  
306  0.01464110  2.139317  11.535539  0.618892  
126  0.04056249  1.221564  6.394086  0.380863  
327  0.04329609  2.481796  8.992737  0.310152  
233  0.04036210  2.692984  14.819330  0.383030  
149  0.02598077  1.005799  11.140629  0.485405  
330  0.03490536  2.472640  7.790307  0.417119  
205  0.02629182  2.257546  12.907041  0.475379  
113  0.01405789  2.857173  10.648061  0.627102  
378  0.00370519  2.268532  10.910215  0.721709  
230  0.03040120  2.773553  9.632405  0.449622  
238  0.04901901  2.763787  14.749138  0.256165  
208  0.04059987  2.710929  5.289010  0.378193  
346  0.04189938  2.697378  9.944914  0.342685  
382  0.03522388  1.644307  6.312906  0.416692  
247  0.00771587  1.222053  13.442946  0.683164  
394  0.03030848  2.701041  5.053102  0.449637  
234  0.02091882  1.747948  9.325388  0.535211  
105  0.02343410  1.484512  8.483993  0.502693  
247  0.02046422  2.831172  11.151616  0.552316  
281  0.03291348  1.032350  7.457961  0.424490  
140  0.03467357  1.492569  9.398022  0.417165  
112  0.01837513  2.612537  8.718680  0.574259  
250  0.01518094  1.464980  9.047060  0.613186  
248  0.03119227  2.185766  14.711295  0.437582  
197  0.02174129  2.039338  14.737541  0.522607  
336  0.04255586  2.652516  11.956389  0.318606  
163  0.00755586  1.890896  10.291604  0.695357  
223  0.00613074  2.189428  5.883206  0.710219  
332  0.01061098  1.752159  7.096316  0.653104  
195  0.03966973  1.331492  14.795221  0.384999  
270  0.04143281  1.319773  13.036439  0.350650  
264  0.04849712  2.207678  14.338359  0.256317  
250  0.01283914  2.584155  11.657002  0.645093  
354  0.04594894  2.749504  12.696158  0.305071  
253  0.01366909  1.100467  11.253548  0.631298  
265  0.02222730  1.007385  11.974395  0.517113  
350  0.04339628  1.836268  6.895810  0.307527  
370  0.03045653  2.183691  9.159368  0.448386  
243  0.02203888  2.371380  6.210364  0.517663  
125  0.02456014  1.866787  6.850642  0.492988  
263  0.03696753  2.655202  13.374279  0.413991  
234  0.02451079  1.491775  5.934477  0.493873  
356  0.03715595  2.481735  6.404157  0.410466  
104  0.02128071  2.487655  5.749840  0.533425  
219  0.04153450  2.580859  11.765954  0.346210  
