215  0.00887631  2.174474  8.329875  0.655545  
396  0.02699316  1.994659  8.763543  0.499870  
326  0.04903546  1.474136  8.247169  0.258560  
116  0.01696496  2.458174  5.437025  0.574381  
134  0.03189959  2.160558  14.681997  0.452612  
389  0.02101154  1.085025  8.932615  0.554910  
330  0.04905939  1.940336  13.846095  0.258545  
326  0.01192544  1.024049  7.889492  0.629315  
247  0.02721598  1.378063  14.045991  0.495323  
336  0.01742854  1.144047  13.450880  0.573908  
330  0.03828797  1.809656  8.740959  0.384449  
298  0.04689703  1.483108  10.377361  0.304674  
376  0.04921491  2.171911  11.173589  0.255158  
131  0.00465926  2.403607  11.637776  0.719436  
305  0.02521512  1.367321  13.774377  0.537240  
173  0.03554689  1.383374  10.015717  0.414678  
374  0.00289618  1.632527  12.837153  0.731582  
143  0.04947212  1.392407  9.999847  0.255036  
357  0.03341444  1.630268  10.143590  0.430410  
308  0.00329246  2.106174  13.686789  0.728332  
354  0.02729225  1.897122  14.564806  0.488868  
108  0.03685986  1.037111  6.967833  0.390019  
270  0.03213736  2.094943  14.429304  0.448737  
305  0.00427046  1.281381  8.060701  0.720061  
171  0.02109079  1.485244  11.846217  0.553781  
133  0.04320936  1.219916  10.777764  0.348529  
212  0.03888913  1.427381  9.496902  0.377033  
230  0.04454326  2.440962  11.043275  0.329134  
187  0.00863555  1.733299  14.876705  0.681089  
251  0.04574108  2.606128  8.310648  0.316240  
195  0.04638859  1.656697  12.846004  0.311892  
243  0.04980859  1.223029  14.959410  0.254456  
105  0.03095749  1.388073  10.896176  0.452780  
225  0.04779427  1.553423  7.702414  0.277940  
257  0.03882482  1.434950  8.957030  0.382237  
106  0.03838667  2.440107  6.788690  0.382374  
310  0.03496817  1.423475  13.190863  0.419332  
256  0.00896902  2.916013  12.531968  0.651685  
165  0.04380004  2.926328  7.209235  0.331011  
194  0.04777633  1.321848  5.766320  0.287751  
391  0.01351057  1.142582  10.813776  0.623592  
381  0.02266247  2.555284  10.408490  0.546625  
311  0.04388229  1.887051  11.925565  0.330859  
387  0.02454967  1.247139  13.655354  0.543954  
196  0.03639927  1.626850  8.095187  0.392659  
118  0.03202670  2.370891  13.763085  0.448752  
200  0.03717090  1.500259  6.109043  0.385197  
248  0.00988571  1.276498  8.009735  0.646283  
185  0.03309891  1.595782  7.996918  0.437643  
344  0.01688122  1.662557  5.660421  0.581462  
394  0.02177419  1.525956  5.433668  0.550485  
181  0.04649925  1.797693  13.740806  0.308718  
125  0.04523414  1.739280  8.379009  0.329134  
264  0.04062081  1.637898  8.442488  0.369495  
120  0.04660842  1.330943  14.050874  0.304750  
368  0.04126383  1.597430  13.290048  0.361988  
118  0.02552767  2.585009  5.237434  0.512474  
158  0.01162188  2.876034  8.017060  0.635876  
304  0.00542341  2.359661  8.774529  0.687239  
179  0.03831339  2.671194  10.735954  0.383747  
279  0.04839692  1.963408  11.978362  0.273270  
362  0.01822260  2.561327  11.603290  0.556116  
338  0.00247447  2.609119  13.211005  0.747131  
261  0.00988272  2.083529  10.132603  0.650662  
367  0.00878957  1.133244  8.789483  0.678205  
275  0.01376031  1.299203  11.745811  0.598338  
137  0.03572335  2.669973  8.386334  0.399236  
380  0.01169515  1.192389  13.402356  0.631741  
186  0.01748088  1.629170  11.171148  0.563166  
131  0.00473104  2.326334  14.412214  0.716796  
301  0.02198056  1.896878  11.446730  0.547113  
347  0.00614420  1.548418  8.089999  0.686628  
260  0.03043410  1.894925  11.690878  0.457892  
356  0.00859368  2.927610  13.985260  0.681822  
238  0.03693164  2.270058  8.983886  0.386219  
389  0.00409848  1.783105  10.295877  0.722335  
293  0.01842598  1.764000  14.022797  0.555383  
326  0.00324610  2.873226  12.959532  0.731017  
257  0.03038026  2.510605  6.552782  0.462256  
199  0.02455864  2.797357  13.092898  0.542596  
322  0.04755501  1.850612  13.333689  0.303026  
352  0.01669579  1.687338  9.161199  0.587184  
294  0.01669729  2.012482  10.943785  0.585505  
217  0.03298376  1.563494  5.746788  0.446020  
280  0.00881649  1.913114  12.081210  0.660245  
316  0.03998975  1.561541  8.297525  0.373844  
373  0.04981457  1.153386  6.769463  0.253281  
190  0.04356078  2.853328  14.051180  0.332064  
159  0.03339650  1.252693  5.283212  0.436117  
274  0.00988421  1.724876  14.650563  0.647092  
267  0.00270327  1.546953  13.934294  0.742309  
359  0.00718500  1.203803  7.083804  0.684065  
112  0.00881051  1.209845  14.322794  0.665403  
353  0.03433711  1.084109  7.729575  0.426794  
174  0.02875625  2.798517  7.540361  0.468436  
310  0.01345524  2.434248  10.706656  0.624447  
274  0.01660009  2.820734  13.350169  0.591487  
157  0.02931703  2.945494  7.692953  0.465690  
152  0.00992758  1.328013  6.800897  0.644436  
259  0.03643367  1.026002  13.111820  0.391255  
