230  0.00868639  1.696127  7.346263  0.615200  
121  0.01797586  2.631031  7.349620  0.484413  
137  0.04510553  1.821375  14.520249  0.278871  
382  0.04648878  2.678945  12.733695  0.273652  
330  0.00406858  1.186285  5.908231  0.700652  
202  0.01571929  1.802454  13.558306  0.542291  
392  0.03855116  2.873104  13.698080  0.326434  
275  0.01196881  2.355083  13.837245  0.576975  
271  0.00502264  1.892422  11.819971  0.666028  
177  0.01719376  2.303751  5.830714  0.515114  
310  0.04988635  1.383129  12.832575  0.254242  
161  0.02502521  1.123966  10.091098  0.433340  
139  0.03244392  2.588977  8.468734  0.372730  
212  0.03773318  1.336436  14.958190  0.326586  
211  0.00446336  1.269967  6.470382  0.686171  
213  0.02630677  2.120823  11.446425  0.416280  
237  0.01849626  2.618397  5.175481  0.466849  
281  0.03928840  2.779229  9.464858  0.322375  
170  0.03358342  1.062868  12.578356  0.361515  
220  0.04888144  2.930357  14.624012  0.269044  
398  0.00522901  2.821162  14.495834  0.662671  
111  0.03637983  2.464278  12.711112  0.328982  
199  0.04342021  1.935026  13.288827  0.292314  
162  0.01510318  2.709342  12.531053  0.548593  
196  0.04431147  1.063051  10.554369  0.279496  
307  0.01609464  2.223792  8.450117  0.527764  
328  0.02709635  2.741081  10.592517  0.412770  
325  0.00675134  1.359630  12.914060  0.652844  
160  0.00152788  1.423475  12.480697  0.713515  
356  0.01666738  2.517930  7.656026  0.517693  
124  0.01279876  1.620685  13.530229  0.572901  
313  0.04217753  1.064516  11.564226  0.310350  
315  0.03324247  1.105228  12.001556  0.369907  
151  0.04766417  2.457564  14.432966  0.271241  
358  0.03532856  2.731620  8.452864  0.347919  
398  0.03578765  1.500931  10.383465  0.338382  
336  0.02740141  2.130467  9.259468  0.405828  
135  0.04931510  1.033876  13.818018  0.261017  
391  0.00401175  1.673299  8.911863  0.701338  
363  0.00261653  1.039796  5.628681  0.712416  
345  0.00132151  1.883633  5.912809  0.739257  
117  0.01502393  2.368023  9.293649  0.554880  
274  0.00138133  2.165319  6.737419  0.716109  
167  0.00727772  1.247322  6.644032  0.642041  
347  0.04285794  1.565142  9.586016  0.308748  
244  0.03358492  2.791986  12.818842  0.355884  
232  0.00350481  1.541215  10.874203  0.711562  
310  0.01805811  2.999573  10.392010  0.479179  
327  0.02313053  2.617298  8.729057  0.434118  
295  0.03211194  2.574572  5.188604  0.374454  
238  0.04640205  1.622333  5.531632  0.277680  
201  0.04747575  1.522355  12.100436  0.272309  
201  0.01947127  2.185156  11.949675  0.460776  
167  0.00527387  2.104404  9.545122  0.660871  
134  0.02542000  2.532273  14.213843  0.421697  
231  0.00504059  2.670583  7.333140  0.663038  
148  0.01072912  1.675863  10.880917  0.587367  
130  0.02179363  1.342174  5.837428  0.450385  
310  0.00502264  2.015290  11.188238  0.403539  
137  0.03553044  1.756676  5.800501  0.342502  
215  0.02861568  1.477309  10.646535  0.402669  
127  0.00980197  2.355083  9.059572  0.607311  
106  0.02984939  1.821741  6.964171  0.392415  
256  0.03352959  1.243965  12.219459  0.365696  
326  0.01320850  1.900052  6.985229  0.569895  
271  0.03303311  1.745811  9.062319  0.371113  
232  0.02046422  1.721641  9.331797  0.460471  
388  0.03856014  2.614612  14.538255  0.324282  
173  0.01732536  1.403638  14.100620  0.511971  
340  0.03043410  2.788446  14.766228  0.386830  
385  0.01874151  2.710257  6.532029  0.461447  
117  0.00553108  2.726432  14.833979  0.656293  
139  0.00785943  2.171789  12.290872  0.626751  
112  0.02517325  2.084140  10.576952  0.427953  
153  0.04322282  1.966948  14.119846  0.299104  
148  0.01784127  1.970489  13.203375  0.501503  
319  0.00679022  2.096164  9.432508  0.651593  
141  0.02062871  2.548509  7.823878  0.458258  
378  0.01541572  1.131230  12.077548  0.547891  
396  0.02585965  2.541856  9.949797  0.418859  
288  0.01598398  1.234443  5.370800  0.528771  
320  0.00134544  1.543779  9.026917  0.722610  
187  0.04641102  2.457259  13.748436  0.277253  
377  0.03112497  2.135777  6.385540  0.374897  
292  0.02746571  1.802271  13.282113  0.403539  
315  0.04051613  1.968108  7.811365  0.321947  
339  0.02571010  2.409406  13.146916  0.418966  
355  0.04400192  1.382946  9.559465  0.281861  
198  0.00431083  1.763512  7.072512  0.691542  
151  0.00100897  1.113590  12.277139  0.746933  
314  0.02671801  1.262398  12.210913  0.416250  
374  0.04908032  2.334880  11.223640  0.264313  
193  0.03580859  1.080325  8.875851  0.332934  
198  0.00748408  1.107791  14.639882  0.638394  
387  0.02974471  2.267678  14.557482  0.397404  
152  0.04113074  2.312845  6.349223  0.317721  
156  0.01305448  2.686453  5.708335  0.570948  
352  0.04960970  1.748253  14.951781  0.260941  
311  0.03598505  2.948424  7.305673  0.332263  
241  0.02285238  2.432417  11.508377  0.449011  
