195  0.00864003  1.244758  9.349498  0.694838  
374  0.04091690  1.545061  11.718039  0.368442  
159  0.00432130  2.085849  7.528153  0.736862  
250  0.02723392  1.116520  8.426923  0.468467  
186  0.02058385  1.753380  8.504135  0.592479  
251  0.01635633  1.782556  7.222358  0.621654  
332  0.04741594  2.960448  14.894101  0.309389  
230  0.00676928  1.909268  13.033082  0.709807  
187  0.01914527  1.061281  7.317270  0.595714  
166  0.02902542  1.413160  10.366680  0.451254  
306  0.02494296  2.407880  7.064577  0.541787  
109  0.04436381  1.902554  5.297861  0.348148  
169  0.03472890  2.357158  9.293344  0.396062  
136  0.01714890  1.595660  14.848933  0.598186  
312  0.04841038  2.255593  9.407483  0.276414  
286  0.04214463  2.089328  10.196692  0.359195  
355  0.04946764  1.692587  10.692618  0.262726  
100  0.03483358  1.690512  5.480972  0.386692  
118  0.00645225  2.699759  5.588702  0.710814  
367  0.02901794  1.954375  5.091250  0.459876  
284  0.01870113  2.603870  12.461470  0.596065  
218  0.03959944  1.524857  10.466475  0.373035  
318  0.01701431  2.185949  10.606250  0.600169  
363  0.04722153  1.616230  13.854030  0.317827  
304  0.02996304  1.893155  14.758904  0.434927  
367  0.02226768  1.739402  12.446516  0.575007  
290  0.01331318  1.357433  12.825556  0.642407  
109  0.02364644  1.832240  13.038575  0.558191  
307  0.04365349  2.632923  13.143559  0.351627  
386  0.01518992  1.029786  6.126438  0.621838  
333  0.02701410  1.630940  6.586047  0.474693  
345  0.00724482  1.179510  10.417646  0.700316  
315  0.00705490  1.454970  10.487533  0.701140  
369  0.02938282  2.095309  5.301218  0.435461  
333  0.01249220  1.964812  11.931974  0.672971  
319  0.00227110  2.724418  11.196173  0.739700  
129  0.03084234  2.187597  13.667562  0.423086  
146  0.04457466  1.106449  7.083499  0.347079  
383  0.04062828  2.380596  13.037355  0.372791  
138  0.02364943  1.491775  12.209998  0.555078  
240  0.04772848  2.902585  9.111454  0.296449  
254  0.00471310  2.505722  6.152379  0.726821  
206  0.04898761  1.801111  11.883145  0.264817  
331  0.04525358  1.048952  9.427015  0.343661  
326  0.01443922  2.435163  6.250038  0.638974  
248  0.04096924  1.951384  6.836299  0.366382  
392  0.02585217  2.767937  8.752251  0.511879  
262  0.02637407  2.514451  9.063540  0.497765  
232  0.02763469  1.438612  12.943968  0.465018  
236  0.04173638  1.219550  5.837733  0.360935  
206  0.01096539  2.599048  6.102634  0.681211  
151  0.03016044  2.305277  7.622761  0.426199  
354  0.04295514  2.037263  11.943266  0.358020  
304  0.01670028  1.875332  13.416395  0.614727  
384  0.00640889  1.552080  7.382275  0.711943  
225  0.03130592  1.935087  11.174505  0.414418  
318  0.03784085  1.138920  12.448042  0.385228  
106  0.03147789  1.525834  5.840785  0.410772  
274  0.01353749  1.552446  7.347179  0.640301  
283  0.01477569  2.175634  9.183172  0.629467  
393  0.01328477  1.470412  5.826746  0.664151  
188  0.03286413  1.467971  6.925413  0.401769  
118  0.04433540  2.051180  5.446486  0.351550  
383  0.01184469  2.893674  13.202460  0.677046  
306  0.03818030  1.398022  9.557939  0.378407  
125  0.00723286  1.543107  11.455885  0.700392  
259  0.02915104  2.574145  8.837397  0.441443  
231  0.03822965  2.876644  5.741295  0.375095  
220  0.02539308  1.595904  8.456832  0.521996  
128  0.00810318  1.011414  8.327128  0.698820  
259  0.00817945  2.524827  6.589099  0.697493  
391  0.02159774  2.958800  9.622944  0.589366  
329  0.03125507  1.624287  7.249519  0.422887  
312  0.00541295  1.258126  6.199377  0.717971  
203  0.03861098  1.803797  11.643269  0.374760  
191  0.02624546  2.760857  13.140507  0.500298  
226  0.03260244  2.480514  13.559221  0.409612  
381  0.02352681  1.144475  9.484390  0.559977  
290  0.00884939  2.807123  12.087924  0.694166  
239  0.02919291  2.354961  11.328318  0.439001  
226  0.02203439  2.185339  5.360118  0.583369  
212  0.03051634  2.815363  7.477798  0.423971  
374  0.01671972  1.365673  8.314005  0.611522  
235  0.04552574  1.168523  8.660085  0.329485  
363  0.01253108  2.466597  11.974700  0.668668  
202  0.04573809  2.776788  14.448836  0.323168  
361  0.03305255  1.189398  7.610248  0.399419  
280  0.00421812  1.438551  13.480483  0.738586  
166  0.00810767  1.603290  12.658925  0.697630  
359  0.02623051  2.055513  13.498184  0.510262  
130  0.04655309  1.376537  12.763604  0.317904  
279  0.02525251  2.529099  9.493851  0.529504  
334  0.02163961  1.492386  11.855983  0.588404  
295  0.04799615  2.252663  11.999420  0.286607  
173  0.04838795  1.553240  6.223792  0.282197  
237  0.00929502  1.424696  14.611194  0.691710  
100  0.04953642  2.000275  5.166936  0.250259  
317  0.04864965  1.305063  11.433607  0.267502  
127  0.02334886  2.203345  6.401410  0.564356  
237  0.02371972  1.712302  12.475204  0.551386  
