121  0.03540034  2.662526  5.110477  0.437307  
352  0.03950822  1.765465  9.432203  0.408452  
301  0.04105148  2.752983  7.651753  0.365436  
207  0.00426447  2.363567  6.973632  0.713179  
163  0.02634416  2.793390  10.728019  0.509896  
219  0.00462636  1.415174  6.838130  0.706618  
357  0.02603012  2.971068  10.516831  0.510018  
366  0.01108353  2.630543  5.053407  0.633618  
247  0.01510617  2.068087  10.098727  0.621975  
383  0.00282888  1.021302  7.599872  0.723052  
255  0.03516706  2.248695  13.782006  0.452216  
346  0.04850459  2.367229  8.145848  0.270920  
199  0.01463811  2.640309  9.828944  0.623028  
387  0.03324696  1.050661  14.309977  0.481132  
328  0.03334864  2.320475  14.910886  0.480506  
295  0.00124076  2.089633  7.521439  0.740570  
278  0.00529780  2.857112  10.576342  0.691877  
128  0.03340696  2.153539  7.199164  0.474006  
180  0.04474664  1.988983  10.423750  0.318712  
143  0.01937107  2.086093  13.879971  0.581034  
235  0.00733753  1.634419  12.669607  0.666059  
240  0.01141551  1.229133  9.404126  0.631649  
185  0.01365413  1.416272  12.778558  0.628018  
345  0.04283700  2.891171  6.491745  0.356296  
361  0.01680496  1.554765  10.891598  0.611126  
165  0.04423222  1.886319  6.311380  0.332659  
187  0.00726426  2.543931  5.316782  0.670072  
285  0.02276565  2.435347  12.204505  0.521432  
389  0.00854433  1.750389  12.483139  0.642010  
389  0.04559453  1.110111  11.800134  0.309282  
359  0.04529246  1.204474  11.843471  0.314562  
337  0.02038945  2.183203  9.622639  0.563593  
101  0.03843153  2.633961  7.430494  0.421087  
195  0.01562807  2.949156  9.190497  0.613079  
332  0.04187396  1.487381  12.389752  0.360324  
202  0.02582824  1.571734  8.776666  0.511681  
212  0.01152318  1.539201  5.105899  0.629437  
127  0.03864089  1.033876  9.711753  0.417348  
360  0.02661483  1.920438  11.739402  0.503655  
379  0.04954839  1.062685  11.595050  0.251038  
173  0.03024866  1.334971  6.311380  0.501701  
222  0.00616663  2.740532  6.302530  0.671033  
319  0.00322816  2.030671  12.264321  0.714614  
309  0.03474834  1.120060  13.483840  0.458274  
172  0.00732258  1.073428  14.800104  0.667676  
193  0.04678039  2.810846  5.554827  0.292787  
308  0.00463533  2.846675  7.642903  0.695723  
353  0.04547041  1.426405  11.339305  0.310610  
375  0.04552873  2.736686  7.330393  0.309740  
119  0.02269536  1.242317  5.615864  0.527581  
156  0.04595642  1.904508  9.017762  0.298952  
228  0.03371053  1.649556  8.293252  0.467566  
176  0.02401282  1.142949  6.320231  0.511727  
336  0.00570754  1.260262  12.859127  0.690794  
400  0.04429353  2.320536  10.157628  0.327837  
180  0.03232130  2.072787  10.511948  0.487922  
115  0.04028584  1.076113  14.157384  0.399205  
278  0.04349947  2.183813  5.137638  0.353366  
236  0.04371929  2.492355  13.187201  0.350803  
200  0.02796219  1.400708  6.356243  0.502144  
223  0.04953941  2.699759  13.236946  0.257996  
360  0.00181201  2.999817  14.432661  0.732177  
111  0.03034736  1.992157  11.444594  0.500618  
277  0.01791156  2.053438  13.221381  0.591929  
141  0.00746464  1.319224  10.780511  0.656552  
355  0.04758791  1.455458  6.705374  0.273789  
259  0.01893741  2.213050  11.029542  0.581935  
285  0.04400043  2.261696  12.358623  0.343799  
203  0.03422495  2.553697  12.505112  0.467246  
158  0.01051378  2.483932  11.776025  0.638531  
141  0.03889660  1.332286  7.607501  0.416814  
101  0.02144670  1.274728  7.005066  0.549112  
399  0.04373125  2.980956  14.201636  0.347110  
291  0.00110318  2.773247  11.024964  0.749802  
298  0.01511515  2.153600  10.028230  0.613109  
351  0.03789319  2.994873  14.121372  0.430181  
326  0.02187439  1.317392  5.285043  0.543878  
232  0.03275198  1.293466  5.746788  0.487373  
187  0.00452617  2.390057  7.323984  0.711928  
179  0.00940120  2.349284  5.056459  0.638928  
338  0.00589746  2.195593  13.382519  0.682402  
334  0.04586370  2.592639  13.958708  0.307009  
390  0.04879919  1.952055  10.650807  0.259583  
244  0.00571352  1.713523  5.453200  0.686888  
395  0.01751527  1.602008  14.013642  0.597056  
306  0.04156441  2.674734  8.474227  0.364795  
369  0.00607541  2.800714  6.729789  0.680845  
125  0.03353108  1.697653  9.700766  0.472617  
146  0.03098441  2.037263  14.438765  0.493980  
337  0.00800598  2.272744  14.066744  0.647763  
177  0.04315702  1.930387  14.358501  0.356189  
155  0.00211707  1.608356  10.252846  0.725387  
313  0.03275796  2.462081  5.722068  0.484764  
218  0.03282974  1.328013  6.520737  0.484367  
276  0.04403482  1.043336  10.549486  0.334964  
150  0.03199680  1.899686  7.121342  0.491279  
232  0.00888079  1.089969  12.086093  0.640210  
151  0.03978936  1.490127  11.394238  0.400945  
377  0.03719034  1.477126  7.861110  0.433218  
266  0.01802371  1.923978  7.858364  0.589839  
