324  0.01478915  2.091220  11.609088  0.583735  
106  0.03309891  2.447371  5.298166  0.414144  
162  0.04455821  1.949248  9.481338  0.274232  
349  0.02861867  1.296396  13.337657  0.429922  
130  0.01665990  2.268166  7.335582  0.576853  
201  0.04249455  2.903256  7.510758  0.290254  
394  0.03355950  1.680319  13.628498  0.381779  
292  0.01143645  2.185461  9.651021  0.604961  
100  0.00198248  2.767144  12.859432  0.741760  
181  0.01557723  2.009003  14.732353  0.580897  
375  0.04111728  2.459029  13.829615  0.309328  
189  0.04426063  2.841243  11.429945  0.275910  
161  0.04849562  1.886746  11.439100  0.262375  
153  0.02645930  2.066195  6.800287  0.458228  
167  0.02405020  2.210242  6.644032  0.482047  
397  0.04238838  1.674947  6.905271  0.305147  
261  0.01613950  2.047212  12.715079  0.578928  
381  0.01821961  2.310892  6.174047  0.567347  
223  0.04376565  1.630696  13.386181  0.279084  
273  0.01432109  2.201697  10.017853  0.594127  
113  0.02121192  2.981811  6.083102  0.533670  
165  0.03624674  2.592883  8.999145  0.363117  
255  0.04564388  2.452254  7.417066  0.265061  
217  0.02199850  2.158422  9.892117  0.511299  
328  0.03434309  2.213599  14.794610  0.379124  
225  0.02295108  2.761467  10.567186  0.488029  
178  0.03703034  2.897702  13.565020  0.350131  
395  0.00637898  1.111087  12.985473  0.717025  
370  0.00646870  2.880367  9.836573  0.706252  
226  0.03292245  2.571154  12.985168  0.416875  
161  0.02223478  2.889706  11.236763  0.505943  
150  0.00667058  1.861904  8.227332  0.704878  
321  0.04046080  1.968657  7.664876  0.313021  
339  0.03701837  1.918912  7.859584  0.356616  
220  0.00844115  2.576464  7.783593  0.668043  
187  0.00293655  1.969939  10.457625  0.740081  
380  0.00355416  1.021363  10.843684  0.725295  
289  0.02746422  2.226661  11.817835  0.438635  
291  0.02895514  2.736503  13.682821  0.422933  
148  0.00841423  2.698172  12.477645  0.674970  
294  0.00924567  2.380169  5.659810  0.627194  
285  0.03345631  2.780084  7.668844  0.390629  
313  0.00766353  2.624256  6.097140  0.693632  
247  0.03329930  1.697531  11.028626  0.407079  
149  0.03681051  1.025452  5.770898  0.358936  
281  0.02430741  2.837275  9.026002  0.480628  
354  0.04814121  1.820154  12.380596  0.263291  
192  0.00727323  2.743339  7.007813  0.699049  
199  0.01908246  1.076724  5.952177  0.540597  
163  0.04469280  1.319590  11.195563  0.270844  
325  0.04027985  1.646992  10.080416  0.319704  
160  0.01757958  2.833491  5.235603  0.573176  
283  0.03868874  1.015503  5.002136  0.337069  
308  0.01999017  2.896786  6.148106  0.538141  
196  0.04989831  2.714652  5.011902  0.260422  
352  0.01890002  1.963469  14.085360  0.559626  
397  0.00334629  2.693167  11.873074  0.738037  
313  0.01726704  2.278970  14.387188  0.574335  
278  0.04116962  2.157201  13.960234  0.308458  
299  0.00883294  1.889370  10.288553  0.652707  
266  0.00842320  2.186865  14.083224  0.672422  
144  0.00794916  1.529008  11.520280  0.681425  
372  0.00532920  1.122868  13.570818  0.721267  
137  0.02124931  1.191107  9.230476  0.529931  
102  0.02239180  1.565447  12.481307  0.500832  
295  0.01568041  2.205664  12.353435  0.580256  
347  0.02554411  2.081576  11.999115  0.475272  
226  0.04930464  2.950255  6.043733  0.260804  
372  0.00533219  1.627766  11.417127  0.718337  
111  0.03843153  1.152165  10.315714  0.350070  
361  0.02835099  2.509934  14.871212  0.437948  
134  0.03438795  2.351848  7.818384  0.376331  
367  0.02716663  2.676565  8.386334  0.439825  
164  0.04036509  1.741905  5.028687  0.319262  
280  0.02558000  2.519089  12.127903  0.469703  
263  0.03280432  2.526231  12.233192  0.417135  
313  0.02574151  1.389538  12.210913  0.459311  
341  0.03951570  1.392712  5.833766  0.331301  
107  0.00915595  2.985473  7.306284  0.637982  
229  0.01043901  1.940580  12.930540  0.624874  
195  0.04545247  2.851314  13.816187  0.265458  
126  0.04778231  1.164251  14.087802  0.264985  
373  0.00869536  1.748497  5.828272  0.659970  
271  0.01422388  1.654012  6.938231  0.598857  
335  0.00853685  1.806970  8.668630  0.660703  
234  0.03629011  2.249306  12.040010  0.360370  
113  0.01329673  2.436811  13.854946  0.600581  
122  0.02365392  1.748619  14.456160  0.487358  
208  0.00672292  2.201941  14.938047  0.704466  
387  0.02564730  1.172124  11.107669  0.459937  
371  0.02243965  1.486343  14.266640  0.491569  
397  0.03515809  1.248543  6.318094  0.364185  
237  0.01834523  1.068606  6.439558  0.560755  
190  0.03312433  2.506882  7.353282  0.408193  
357  0.02539009  1.911771  11.340220  0.478263  
328  0.02559346  2.840022  9.443800  0.463385  
332  0.03863939  1.823450  14.430525  0.348560  
284  0.02527793  2.927244  6.984313  0.480354  
207  0.02701859  1.394787  10.674612  0.457099  
223  0.00465029  2.704459  5.586871  0.724197  
