270  0.04649178  2.416303  10.561998  0.264389  
307  0.00808075  2.835261  14.748527  0.682157  
119  0.02473360  2.585192  8.593554  0.507927  
221  0.00560735  1.433912  9.583880  0.696699  
269  0.04226725  2.974181  9.495682  0.317583  
170  0.03691668  2.174230  9.447462  0.394276  
115  0.00926063  1.494156  6.557970  0.679533  
356  0.01116428  2.370159  14.904782  0.672742  
389  0.00550267  1.315012  8.767205  0.699202  
339  0.01206153  2.079318  8.591723  0.645672  
375  0.02579684  2.298624  5.432142  0.494865  
297  0.04456120  2.473617  9.386120  0.285463  
387  0.02678231  2.836482  5.074770  0.493553  
310  0.02466033  1.500381  11.276131  0.518044  
210  0.04254390  1.076479  6.277505  0.299089  
185  0.01070070  1.538224  8.877071  0.674421  
181  0.00130955  1.062990  10.163121  0.730514  
196  0.02147212  1.707663  12.184057  0.547937  
353  0.01531404  1.751244  7.551653  0.617061  
101  0.00548473  2.235939  12.074801  0.702269  
109  0.04897864  1.459181  14.883114  0.256119  
398  0.04576650  1.044496  6.540269  0.267335  
167  0.03470348  1.320566  7.926725  0.420003  
300  0.03479321  2.777886  6.851558  0.417379  
307  0.03837919  2.964721  7.408826  0.383518  
299  0.02581777  1.075442  14.144261  0.494362  
311  0.00670348  2.214148  12.174291  0.688902  
178  0.01376031  1.251473  11.450392  0.637967  
211  0.03538539  2.315043  9.682150  0.415410  
379  0.04356526  1.940703  5.299081  0.288240  
218  0.01369301  1.342479  6.679739  0.638989  
132  0.01117026  1.946257  5.851466  0.671216  
199  0.04249306  1.209662  11.137577  0.305345  
296  0.03140910  1.730491  6.449934  0.432134  
288  0.02815210  2.400128  6.147191  0.486076  
148  0.04221641  2.979675  13.629414  0.321322  
368  0.01654625  1.390454  13.776818  0.612041  
330  0.02575646  1.691366  8.336283  0.506172  
268  0.02807584  2.984985  8.059175  0.487022  
180  0.01141102  1.536637  9.610736  0.654416  
277  0.00104486  1.692770  7.653279  0.746643  
241  0.02326661  2.077181  14.481185  0.533578  
117  0.01944136  1.096377  6.451155  0.577174  
342  0.03995834  2.035371  13.644673  0.343326  
338  0.03763298  2.131321  10.831477  0.384739  
231  0.02938282  2.456587  12.822504  0.478233  
222  0.03466311  2.575426  11.567888  0.421926  
294  0.01531703  1.529984  5.799585  0.613048  
298  0.03597757  1.084353  12.875912  0.405416  
162  0.03115937  1.290780  8.303629  0.438330  
372  0.00441850  2.047578  6.957457  0.726302  
327  0.01830186  1.665731  13.298288  0.581523  
283  0.00167293  2.637745  5.943632  0.729614  
223  0.04291775  2.592761  9.230476  0.296937  
351  0.01278530  2.933653  10.572375  0.644147  
241  0.02442555  1.496109  14.502548  0.519951  
149  0.01731639  2.151036  12.535020  0.587779  
105  0.00576138  2.481307  5.213019  0.693129  
353  0.04906388  1.088076  11.436048  0.250336  
316  0.04484533  2.476424  10.262917  0.284425  
223  0.03342640  1.109928  13.963591  0.428060  
156  0.03249477  1.441908  9.499954  0.429724  
195  0.01119269  1.629719  8.436079  0.657987  
164  0.03462722  1.945585  7.943205  0.422308  
364  0.04035762  1.325388  8.617054  0.337115  
387  0.04394360  1.107547  13.521378  0.286287  
309  0.00520359  1.525590  12.813349  0.714949  
371  0.04765520  2.408368  8.433027  0.256439  
133  0.04086456  1.543291  14.062166  0.334307  
219  0.02325614  1.370922  6.449629  0.541437  
208  0.02956377  1.491836  10.900449  0.450858  
320  0.01493121  2.931333  11.461989  0.617611  
299  0.00246400  2.526719  12.059847  0.728469  
211  0.03217475  2.641591  7.595599  0.430868  
101  0.01984960  1.773217  8.680227  0.573252  
387  0.01758556  1.964202  9.526200  0.585307  
377  0.04228520  1.673421  10.554369  0.316088  
269  0.03982525  1.060121  14.443648  0.349658  
138  0.02865905  1.363964  14.720145  0.485038  
117  0.03933775  1.899869  5.741905  0.368259  
224  0.04349648  1.231086  11.697592  0.294191  
391  0.03106366  1.482009  14.149144  0.438391  
295  0.04614185  1.232673  13.049867  0.265122  
270  0.02072143  2.684866  5.935392  0.562693  
376  0.03405448  1.172063  9.968413  0.424200  
232  0.00389660  2.042879  11.302988  0.727889  
139  0.02008438  1.113773  12.543260  0.571116  
330  0.03284170  2.793268  10.286416  0.428167  
167  0.03685388  2.791925  9.456618  0.399480  
248  0.02901645  1.118839  9.778283  0.482551  
304  0.02193869  2.427229  14.364910  0.544992  
293  0.02093976  2.876339  14.830622  0.554025  
313  0.03597009  2.091891  14.365825  0.410955  
105  0.02997351  2.494125  11.472060  0.440497  
129  0.03969366  2.890500  14.046602  0.358051  
103  0.01356291  2.400433  8.143712  0.641522  
288  0.04215958  1.009949  11.801355  0.327670  
107  0.04502628  1.547136  9.752953  0.281358  
157  0.03002585  1.383862  9.755699  0.438696  
155  0.00260457  2.585925  13.509171  0.728240  
