237  0.01832279  1.037049  7.310556  0.594127  
245  0.04908631  1.401074  9.686117  0.279923  
156  0.01744798  1.251228  5.936613  0.601985  
359  0.04745033  2.777825  13.703269  0.288652  
236  0.01015189  1.738731  12.300943  0.668317  
309  0.00406409  1.342357  12.595141  0.717055  
187  0.00343004  1.839320  8.983886  0.718627  
194  0.02709186  1.747642  11.237983  0.484275  
377  0.01659261  1.319285  8.152867  0.623562  
381  0.01247276  1.531877  12.734001  0.665799  
162  0.04784213  2.972228  14.929502  0.288209  
104  0.01648943  2.101169  14.656667  0.625958  
396  0.03625571  1.093875  12.958617  0.378803  
118  0.01706665  1.620746  10.712455  0.608287  
301  0.04324375  2.896664  8.708914  0.326815  
237  0.00120487  1.536882  14.522691  0.738342  
256  0.04729032  1.587115  6.118198  0.294862  
132  0.00447981  1.027894  13.513138  0.712447  
202  0.04787353  2.400555  14.719535  0.288102  
186  0.01961782  2.051485  5.440382  0.561350  
210  0.03333668  2.603809  8.533128  0.427419  
324  0.02274023  1.044923  9.168828  0.512505  
184  0.02798910  1.612262  6.078829  0.464087  
368  0.00918436  1.015381  6.174657  0.669034  
308  0.03524033  2.147130  10.082247  0.407079  
172  0.01897031  2.960326  11.150700  0.564432  
145  0.03098740  2.053621  5.084231  0.430395  
118  0.03406943  1.549089  10.256508  0.422079  
336  0.04016770  1.247078  8.445540  0.347278  
288  0.03778103  2.015778  5.271310  0.357776  
301  0.02517475  1.508805  11.420484  0.500832  
283  0.02594638  2.512436  12.390057  0.488792  
119  0.03425785  2.761467  8.340556  0.409062  
192  0.02240226  2.006989  6.924192  0.518899  
215  0.03861098  2.273415  9.684286  0.356571  
232  0.00722538  1.419996  10.974303  0.686262  
278  0.03052232  1.211737  5.228278  0.434988  
282  0.00409699  2.341655  11.464431  0.712508  
179  0.02894018  2.343364  12.791681  0.448859  
343  0.02651164  2.594714  12.049471  0.485710  
372  0.00607242  1.717673  12.555467  0.691343  
269  0.01985110  2.366619  5.548723  0.540277  
143  0.01859645  2.109104  12.820368  0.584529  
212  0.04055651  1.872097  14.981689  0.340335  
206  0.00141273  1.090274  6.595508  0.730956  
255  0.00491049  2.777520  12.244179  0.708739  
276  0.02531233  2.115329  5.863063  0.492546  
336  0.00150096  2.168065  5.198065  0.721419  
343  0.02188186  1.149419  7.949004  0.520760  
315  0.02917646  2.922666  7.717673  0.445807  
144  0.02831361  2.449995  12.442244  0.461203  
200  0.04068361  1.222053  14.287088  0.339465  
109  0.04295364  1.324961  13.764611  0.333453  
274  0.04598035  1.813868  12.323527  0.311205  
281  0.03911643  1.324534  10.053560  0.354114  
239  0.02777676  1.829066  12.770928  0.473914  
218  0.00452318  2.606616  9.749596  0.710158  
319  0.01230378  1.657369  13.891873  0.666730  
150  0.02735057  1.408216  9.405652  0.474952  
298  0.01357787  1.871731  5.870388  0.664701  
199  0.04684619  1.903287  6.023896  0.296617  
262  0.03893997  1.715903  6.044649  0.355701  
162  0.01548003  1.478774  10.908994  0.640774  
259  0.00218436  2.466475  7.568743  0.720946  
168  0.04027985  2.875668  5.886868  0.340991  
175  0.00863854  1.316050  9.336680  0.683897  
262  0.04385537  1.951811  12.982116  0.326571  
256  0.02187289  1.534684  13.286691  0.522210  
132  0.03349519  2.303262  11.555681  0.427313  
219  0.03578466  1.812464  8.045137  0.383290  
337  0.02598825  1.851833  8.738212  0.488502  
161  0.01843944  1.112857  6.486251  0.587718  
340  0.03530015  2.049837  5.938139  0.402440  
295  0.02959966  2.321146  10.413984  0.436621  
354  0.02847661  1.787133  12.613147  0.450598  
244  0.00130207  1.712851  9.513382  0.734863  
388  0.01974642  1.688559  14.505295  0.560083  
328  0.02845717  1.035279  5.169378  0.453909  
398  0.01544713  2.491012  13.494827  0.644925  
293  0.01512561  2.046113  13.987091  0.658460  
300  0.03965627  1.849818  6.321451  0.347644  
315  0.00827515  2.935850  12.118137  0.686064  
304  0.03296432  1.491897  5.921964  0.429540  
316  0.02427152  1.423048  11.056703  0.508263  
372  0.01525123  1.354198  8.300577  0.651761  
355  0.04857787  1.707907  9.635762  0.282823  
261  0.02028178  1.475112  5.909757  0.534753  
386  0.01783081  1.141179  6.831111  0.596034  
312  0.01401303  2.193518  11.743065  0.661390  
383  0.04921491  2.678579  6.867733  0.269593  
272  0.02736402  2.898129  12.968688  0.474296  
360  0.03054924  2.173620  13.300119  0.434530  
163  0.04945418  1.421339  5.224311  0.268586  
131  0.02828968  2.584765  13.447218  0.462226  
160  0.02555608  2.422468  14.875179  0.489692  
347  0.04439521  1.471328  10.051424  0.325610  
245  0.01893142  2.016816  12.891476  0.581782  
237  0.04733369  2.987121  14.543748  0.290437  
104  0.04185153  1.724570  6.759392  0.335940  
233  0.00507797  2.190771  7.106998  0.697615  
