192  0.03320060  1.783044  12.232887  0.447104  
224  0.01022816  1.140141  14.058504  0.621761  
376  0.04861376  2.248207  11.074709  0.280808  
347  0.01628904  2.160009  14.179968  0.580302  
330  0.04279662  2.343791  10.383465  0.370182  
272  0.04795279  1.132267  13.776818  0.307802  
288  0.04519376  2.460005  10.003204  0.335009  
388  0.01492523  1.895413  6.672109  0.587382  
367  0.04298654  1.299387  13.027284  0.367847  
399  0.02062722  1.107608  11.288034  0.520409  
103  0.00834693  1.172552  6.869564  0.641751  
181  0.01912284  2.482162  13.723716  0.534555  
145  0.00736296  1.606708  14.959105  0.678861  
388  0.02495492  1.382397  14.489731  0.514229  
232  0.04982803  1.495621  8.120212  0.256043  
285  0.00733604  2.629566  8.622852  0.686415  
125  0.04781072  1.242744  6.372112  0.310671  
361  0.04652916  1.268624  5.483413  0.319964  
253  0.01710105  2.978698  12.429731  0.573160  
328  0.03027259  1.215888  6.893674  0.461768  
345  0.04893677  1.216926  13.926664  0.267090  
237  0.00807327  1.417005  11.682943  0.677488  
192  0.00256420  2.508042  8.500168  0.733886  
289  0.00594232  2.632984  12.371441  0.709914  
333  0.00967037  2.993286  10.668508  0.622280  
393  0.01914377  1.491958  6.934568  0.525369  
297  0.01718030  1.519852  8.115635  0.566355  
194  0.04463448  1.244270  6.578722  0.344913  
220  0.04617026  1.384716  13.858608  0.332125  
246  0.02030122  1.991180  10.476852  0.524148  
232  0.04893228  2.092135  6.009247  0.270051  
161  0.01906153  2.269570  11.715598  0.538446  
115  0.01467101  1.983856  14.772332  0.594600  
377  0.04831916  2.022431  6.538133  0.284867  
245  0.03600598  1.478103  13.113651  0.425573  
144  0.01049883  1.406507  12.573778  0.619594  
102  0.01149028  1.189642  9.536576  0.616039  
133  0.02142128  1.849452  12.397992  0.518838  
119  0.04411707  1.643818  14.748833  0.345828  
129  0.00314890  2.504257  7.690817  0.727172  
325  0.04276672  1.895962  5.064394  0.371052  
201  0.02612732  2.020234  7.711570  0.497185  
263  0.03086926  1.371532  10.316324  0.449423  
117  0.01656420  1.599567  5.054933  0.578974  
201  0.02315744  2.901242  9.147160  0.514931  
311  0.00467421  1.889859  12.920774  0.712310  
160  0.02555907  1.492752  6.060823  0.498268  
351  0.02836445  2.629139  12.672048  0.477042  
153  0.01311728  1.104434  8.772698  0.602672  
355  0.02060927  1.349986  9.556719  0.520775  
326  0.00934138  2.812128  7.457045  0.627285  
234  0.04405875  1.129948  9.308298  0.345874  
381  0.04092438  2.548631  5.726035  0.373585  
176  0.00153984  2.578295  10.253456  0.747421  
280  0.03015296  1.285348  12.790155  0.464530  
268  0.00925166  1.240486  5.723899  0.628842  
371  0.00708780  1.373302  13.540605  0.698622  
319  0.03860051  1.619587  11.275216  0.408498  
211  0.03329032  2.013764  14.491562  0.443197  
392  0.01899274  2.315226  11.704306  0.539987  
272  0.04634822  2.741630  14.855037  0.325411  
189  0.04364602  2.612049  5.380566  0.348331  
322  0.04008097  2.617481  9.787439  0.379383  
234  0.02957424  2.464949  9.204535  0.465781  
315  0.03185174  2.800592  13.248238  0.448309  
129  0.03971609  2.469527  7.830592  0.404637  
127  0.00851442  1.550005  7.230903  0.639645  
344  0.01754518  1.335337  6.924497  0.551614  
327  0.01771865  1.740501  8.604846  0.548349  
235  0.03280432  2.834346  13.350169  0.447317  
107  0.00826917  1.917142  10.670644  0.651318  
347  0.03623627  1.436232  6.615040  0.423254  
305  0.01063192  1.013794  10.082553  0.618236  
341  0.00544435  1.111576  6.864071  0.710906  
180  0.04402585  2.361736  7.226325  0.346316  
267  0.03655928  2.334452  6.440474  0.420782  
203  0.03360137  2.776605  5.733970  0.436590  
282  0.00917539  1.398144  5.811792  0.630856  
109  0.01247276  1.577593  10.830561  0.603206  
360  0.02936787  1.021851  11.702475  0.470145  
200  0.04856890  2.615589  12.858211  0.281510  
375  0.01437492  1.118473  6.857967  0.598247  
179  0.00893313  2.015107  7.898648  0.636166  
319  0.01517646  2.772454  8.237709  0.582865  
194  0.01501346  1.622394  8.130589  0.584422  
317  0.03354604  2.180456  14.808649  0.437765  
386  0.04797971  1.339976  6.690115  0.305956  
377  0.01350011  1.799402  8.809320  0.602611  
399  0.04320188  2.878536  11.586810  0.363178  
348  0.02953536  2.462447  6.549120  0.466269  
374  0.00197351  1.209357  6.923887  0.738098  
380  0.00959261  2.026276  7.793054  0.622356  
290  0.03723521  2.412091  13.510086  0.411977  
176  0.02674493  2.445906  7.812891  0.490593  
136  0.04694189  1.926054  11.211127  0.316637  
244  0.00389361  1.283212  14.479049  0.720977  
167  0.01158449  1.690695  8.297830  0.609600  
400  0.03487246  2.804254  5.594195  0.427343  
141  0.01864580  2.534654  14.864498  0.540445  
285  0.03092907  1.241829  10.301370  0.448721  
