181  0.03522089  1.711509  14.358806  0.453223  
156  0.00717603  1.761376  14.018830  0.698790  
296  0.02633369  2.921201  5.652181  0.530938  
323  0.03897436  2.401044  10.302896  0.408956  
208  0.00702948  1.751122  14.109470  0.705504  
195  0.03084832  2.032624  6.482894  0.484184  
296  0.04098718  1.479629  10.052950  0.370640  
245  0.03624226  2.435408  14.152501  0.412648  
194  0.02966097  2.838984  13.130436  0.497154  
324  0.04047874  2.159764  11.877346  0.386845  
179  0.02154091  2.906980  7.577898  0.575510  
351  0.00289468  1.220405  7.024903  0.744583  
171  0.01746144  1.014771  12.547227  0.600581  
127  0.03616449  2.053194  7.701804  0.424352  
347  0.01095791  1.689657  9.723960  0.641446  
244  0.02364943  2.845027  5.656758  0.546167  
168  0.04065371  2.435102  13.691671  0.384510  
299  0.04831019  1.553972  7.889492  0.253281  
146  0.00155330  1.844264  5.114750  0.747070  
294  0.04224332  1.925443  9.891812  0.335528  
399  0.04141188  1.388134  9.116337  0.336917  
296  0.04660692  1.827418  8.149815  0.297487  
291  0.03048045  2.474288  7.398450  0.494606  
243  0.03558727  2.532334  5.023499  0.439611  
173  0.03200128  1.283334  9.015931  0.481010  
139  0.01526319  2.401410  6.642811  0.605708  
116  0.01080837  1.705893  7.460097  0.645825  
181  0.00883593  1.043214  5.255745  0.666242  
104  0.04762679  1.674337  7.121036  0.271714  
284  0.04901303  1.661702  12.800531  0.252106  
338  0.00406110  2.565233  6.514634  0.726913  
253  0.02118799  1.234016  13.585162  0.589061  
354  0.03314676  1.380505  5.130009  0.477134  
196  0.00589447  1.617267  12.101047  0.707717  
215  0.04764772  1.359386  11.639607  0.270890  
130  0.03568148  2.920469  8.424177  0.438314  
395  0.01431510  2.768670  9.734947  0.618603  
314  0.04138496  2.746574  9.616840  0.338076  
381  0.04707797  2.124119  10.312357  0.288896  
308  0.04778082  2.463363  12.274697  0.269135  
226  0.04671459  1.256661  11.309397  0.290651  
278  0.04088549  1.739463  10.142369  0.383290  
259  0.02238731  1.699973  5.514542  0.555887  
260  0.04102756  2.449812  12.763298  0.360187  
129  0.04800513  1.103458  8.320414  0.260300  
192  0.01009806  1.945524  7.716147  0.648114  
101  0.04265755  1.000305  7.964568  0.332720  
318  0.02852446  2.861873  11.353648  0.507332  
395  0.03569045  1.545549  6.522263  0.434194  
183  0.02833006  1.342051  12.350993  0.512337  
183  0.04004059  1.033021  7.041383  0.389058  
191  0.02256526  1.046815  10.048067  0.555078  
210  0.04302542  2.344218  7.001099  0.325777  
247  0.01125251  1.834315  6.782586  0.641217  
303  0.01321299  1.238716  6.962035  0.625301  
114  0.04416044  2.800653  11.386914  0.301454  
127  0.03922260  2.805292  12.126988  0.406545  
131  0.04414399  2.699759  11.052736  0.310488  
194  0.02764217  2.707511  9.777673  0.518319  
229  0.01474578  1.876370  12.064730  0.618542  
119  0.00863405  1.333995  13.480483  0.682020  
349  0.01315018  1.989837  7.732627  0.627483  
105  0.03258000  1.837672  11.744591  0.478904  
279  0.03388849  2.232215  5.469680  0.458899  
342  0.02504764  1.587909  10.814386  0.539117  
175  0.03059859  2.701468  5.607318  0.487342  
376  0.02920188  2.998108  14.640492  0.501045  
342  0.00321021  2.329020  13.462477  0.732223  
187  0.03474984  2.289346  6.112094  0.453558  
318  0.03888614  1.529374  14.628285  0.410665  
145  0.02177868  1.756676  8.582873  0.559458  
164  0.03137620  1.791894  12.704703  0.483772  
362  0.01753771  2.760735  11.806543  0.597819  
108  0.03998376  1.014832  9.945524  0.390324  
319  0.04129524  1.238350  7.914212  0.347125  
223  0.04137001  1.747642  5.853298  0.341464  
296  0.04330805  1.245308  7.221442  0.319323  
221  0.02107434  2.899533  7.840358  0.592158  
143  0.01642363  1.174078  6.714835  0.602077  
296  0.01488485  1.149541  12.928098  0.616832  
378  0.01138261  2.075594  12.299722  0.627880  
151  0.04338731  1.500259  11.358531  0.316561  
299  0.02626341  2.203711  5.509354  0.535028  
140  0.03008716  2.404340  13.167058  0.496986  
133  0.01125700  2.751091  12.675100  0.634472  
258  0.00569707  2.915220  8.465682  0.718505  
386  0.02373168  2.995422  5.725120  0.544031  
174  0.00852339  2.610950  12.686087  0.689589  
369  0.01388443  2.989868  5.159612  0.622280  
328  0.03961141  2.874630  10.536973  0.395253  
382  0.00504657  2.743889  13.468886  0.724883  
170  0.04249605  1.726463  8.248390  0.334201  
365  0.02817603  2.814692  7.699973  0.517098  
230  0.01907498  1.048830  13.987396  0.595012  
263  0.00817048  2.610279  9.179205  0.695143  
142  0.04262615  1.969329  12.461776  0.334033  
253  0.01988549  1.736534  12.869198  0.592830  
338  0.02320829  2.625660  12.860958  0.550623  
176  0.03364772  2.665761  14.725944  0.475852  
227  0.01794595  1.773644  10.712455  0.596965  
