263  0.04150011  2.099033  8.956420  0.330493  
400  0.03896390  2.969543  5.190435  0.353275  
130  0.00572997  1.901151  14.506516  0.672849  
165  0.02225871  2.607166  5.151677  0.533746  
374  0.01732087  2.644581  7.719810  0.599513  
203  0.00763363  2.175817  10.937681  0.658673  
116  0.01420295  1.866482  12.113865  0.624218  
270  0.00106580  1.964080  6.044038  0.738144  
155  0.02439116  1.366649  12.856685  0.473304  
139  0.02077825  1.331675  14.327677  0.544244  
212  0.02381094  1.500626  9.131596  0.483024  
282  0.04284597  2.847468  5.792261  0.328402  
227  0.02339521  1.709128  8.261513  0.514733  
207  0.00553856  1.296579  8.391522  0.677519  
385  0.02669707  1.716147  7.620930  0.451514  
109  0.04395407  1.051088  5.950346  0.300432  
328  0.02723093  1.175542  10.134434  0.449469  
359  0.02794275  1.814722  14.529710  0.427938  
148  0.02075134  1.299326  12.859737  0.552499  
348  0.02592694  2.555651  12.536546  0.457465  
227  0.00437513  2.411969  11.993927  0.708724  
128  0.01517197  1.772240  14.902951  0.619839  
178  0.00529331  2.690420  7.900784  0.694914  
285  0.01649391  2.349895  9.961394  0.616634  
254  0.01472185  1.823878  6.667226  0.622921  
139  0.02536018  2.411481  10.472884  0.462683  
368  0.01396817  1.203742  6.507309  0.626690  
268  0.04703311  2.990844  8.879818  0.268937  
202  0.02202692  1.791650  14.313944  0.539773  
151  0.01292587  2.314188  12.496872  0.631802  
297  0.03329182  2.253456  6.029389  0.366840  
151  0.01080090  2.213965  8.282571  0.638607  
262  0.02763768  1.545671  10.545824  0.435781  
126  0.02200897  1.967681  10.291604  0.540613  
211  0.02272378  2.144078  6.785638  0.523354  
112  0.03269066  1.907437  7.137822  0.369984  
342  0.01865627  2.764214  13.710593  0.560984  
169  0.04998953  2.724784  13.082217  0.251602  
389  0.03170669  2.991028  9.511551  0.385029  
329  0.01678701  1.761681  5.896023  0.605998  
248  0.03218073  2.956297  5.393689  0.371693  
140  0.02367037  1.971038  8.742180  0.496193  
280  0.04152852  1.331919  7.433546  0.329470  
123  0.00255074  1.907010  13.172246  0.725799  
364  0.02479492  2.692801  13.210089  0.463462  
178  0.01212882  1.311594  7.241890  0.636380  
114  0.01747789  2.992676  14.540391  0.590617  
261  0.04484683  1.852870  7.912381  0.293535  
214  0.04496796  1.747093  9.938810  0.293382  
251  0.04077035  1.589923  11.617328  0.333682  
332  0.04414698  1.768395  6.600696  0.294206  
310  0.02364794  2.039399  12.366863  0.505898  
234  0.00549220  2.208716  8.071383  0.689619  
250  0.02261312  1.551286  14.270302  0.528207  
365  0.04930464  2.485153  6.504563  0.252472  
150  0.00967635  1.315439  6.170690  0.640500  
256  0.04365050  1.631611  13.832362  0.326449  
255  0.00435719  1.962920  11.410718  0.721038  
208  0.01825700  2.001495  10.478988  0.567423  
229  0.02376757  2.654530  6.855220  0.486167  
316  0.03124311  2.281167  9.731590  0.401280  
399  0.01823307  2.003937  13.462477  0.581736  
306  0.00809421  2.714957  6.746574  0.650616  
378  0.01222303  2.421796  7.092959  0.632199  
284  0.00614570  1.540117  9.720603  0.669767  
232  0.03119675  1.737388  14.230323  0.404530  
200  0.03071374  2.134312  13.187506  0.408208  
151  0.00296347  1.503983  13.997467  0.724517  
357  0.03854369  1.537980  6.001007  0.355136  
338  0.01747191  1.476699  6.655019  0.599178  
162  0.04505618  1.081118  5.569170  0.293291  
223  0.03973852  1.615497  10.783258  0.352298  
374  0.02950694  1.065310  11.564226  0.415899  
391  0.00899445  1.859035  7.961516  0.648434  
255  0.02943666  2.082553  12.903378  0.416875  
316  0.00617560  1.092471  6.104465  0.661603  
318  0.01306046  1.835658  7.508316  0.626782  
313  0.00278103  1.438368  12.013153  0.725600  
145  0.03139564  2.518113  11.494949  0.399342  
359  0.01497757  1.487869  11.379589  0.621609  
267  0.03840461  2.157689  9.209113  0.355808  
206  0.02074535  1.610553  11.684774  0.557001  
118  0.01894339  2.082675  14.245582  0.558176  
381  0.00399231  1.279550  11.417432  0.721816  
337  0.00743623  2.079806  10.396588  0.659452  
335  0.00500320  1.683004  9.070559  0.698805  
309  0.01865627  1.128605  6.772210  0.619839  
136  0.04751613  2.004486  8.656728  0.259140  
103  0.01424482  1.070437  9.206671  0.623974  
133  0.04020359  1.900967  6.334574  0.334292  
109  0.02148109  1.449232  6.907407  0.542322  
246  0.02452275  1.130924  6.332133  0.470176  
127  0.04271587  2.295389  5.267342  0.329348  
193  0.04689554  1.244148  5.018311  0.270936  
151  0.04367592  2.066256  9.135563  0.321993  
167  0.00518564  2.981689  10.876949  0.698698  
286  0.00990814  2.555406  11.883145  0.640118  
228  0.02548280  1.804468  6.618091  0.462317  
142  0.01980175  1.583270  10.540025  0.557581  
176  0.04640504  2.020234  8.877682  0.287080  
