218  0.04038752  1.946989  12.377544  0.394795  
261  0.04379406  2.559069  12.244484  0.314653  
346  0.01315766  1.668661  9.810633  0.654004  
276  0.02265200  1.813257  8.891415  0.548349  
194  0.04810831  2.307718  14.661550  0.266770  
133  0.01877889  2.349773  14.176305  0.596629  
278  0.02856185  1.229560  5.884121  0.519601  
204  0.04493057  1.980560  13.440199  0.301332  
230  0.03007221  2.509384  13.083438  0.500587  
380  0.00440056  2.882565  7.121952  0.731246  
320  0.01089511  1.839930  7.773827  0.665647  
359  0.03608823  2.446883  11.491592  0.407414  
227  0.00137834  1.661519  11.630451  0.747696  
168  0.00721342  1.558733  11.999420  0.696562  
117  0.04932856  1.984832  12.153844  0.261673  
327  0.04430549  1.305918  6.741691  0.311312  
190  0.04481991  2.287515  7.536393  0.309801  
145  0.04169301  2.950987  10.048982  0.375095  
361  0.04758940  2.683767  10.259255  0.266800  
215  0.01000833  1.610858  12.011628  0.668165  
284  0.04169900  2.535386  9.365368  0.373569  
198  0.03481564  2.735954  10.090487  0.429968  
328  0.00723585  2.055330  10.667898  0.694472  
284  0.02902094  1.402905  5.066836  0.506035  
382  0.04702713  1.487014  8.628651  0.277146  
264  0.04695685  2.896725  6.737114  0.286851  
168  0.03730848  1.385998  9.517655  0.402104  
174  0.02320081  2.290567  6.179540  0.547723  
384  0.04271886  2.627125  8.999145  0.356830  
194  0.02660436  2.007355  12.379681  0.541360  
316  0.01225443  2.264931  14.734794  0.654340  
127  0.00836637  2.892331  12.737663  0.689161  
334  0.03199829  1.534562  12.188025  0.476600  
212  0.00694424  1.411756  10.751213  0.713225  
132  0.04957979  1.347789  5.822474  0.257630  
104  0.01779342  2.454939  11.218757  0.609340  
129  0.04162572  2.859615  14.541307  0.380100  
377  0.01082781  1.109622  14.888302  0.667829  
123  0.01407584  2.312479  5.783410  0.630535  
376  0.03804871  2.960387  11.841029  0.399846  
247  0.01511814  2.647938  13.423414  0.630337  
273  0.03317219  2.162084  7.297128  0.437536  
265  0.00408203  1.567888  6.729484  0.735488  
118  0.04445354  1.033021  6.199377  0.310411  
290  0.04563640  1.075686  7.448195  0.291887  
356  0.00430335  1.428968  5.142216  0.735473  
276  0.02664174  1.280038  5.747703  0.535684  
262  0.00295151  1.960784  13.205817  0.740371  
356  0.04965307  1.656514  9.619892  0.256302  
167  0.00531126  1.451430  8.262429  0.715926  
357  0.03299124  2.276040  12.583239  0.453101  
253  0.02368831  1.140934  13.639790  0.545343  
248  0.01610660  1.983917  7.445753  0.627056  
247  0.00188678  1.290475  12.837458  0.745788  
159  0.04028135  2.390606  5.698263  0.396474  
357  0.04301645  1.265877  8.628040  0.335833  
333  0.03016941  2.071627  9.085208  0.498024  
264  0.00474151  1.135868  8.504440  0.726363  
176  0.04092587  2.815363  8.275552  0.381855  
353  0.00330293  2.557970  12.358928  0.739715  
257  0.03027409  1.353465  9.596393  0.497185  
181  0.02107733  2.496872  11.751915  0.575541  
336  0.01348964  2.015656  10.724967  0.639431  
293  0.00523798  2.368633  14.349651  0.725326  
225  0.01659560  2.406781  6.342814  0.615642  
288  0.01919761  2.787225  13.389233  0.586680  
299  0.03053728  1.775292  11.253548  0.491066  
124  0.02996304  1.453139  11.577044  0.502220  
156  0.03261141  2.459822  7.621845  0.465003  
304  0.00573296  2.117710  12.912534  0.713591  
103  0.04231660  2.933348  11.070437  0.358905  
271  0.02880410  1.233467  5.782495  0.508065  
229  0.04989532  2.747978  13.579669  0.253189  
306  0.04556313  1.107547  7.580645  0.299959  
293  0.01771416  1.374462  5.776391  0.611812  
287  0.02687503  1.362133  6.267434  0.529885  
213  0.00882696  2.779534  13.472549  0.684462  
356  0.02992416  1.528520  9.006165  0.502434  
176  0.02137941  1.836024  9.513077  0.570261  
348  0.00933988  1.898831  13.487197  0.669263  
209  0.04735911  1.573992  8.339335  0.272645  
107  0.00277206  2.593188  5.080874  0.745514  
217  0.02641145  2.093539  13.424329  0.542001  
314  0.02061525  1.413587  13.758812  0.582484  
204  0.04347404  2.936155  13.147526  0.326327  
348  0.01790258  2.699942  10.045930  0.608791  
329  0.02152596  1.088198  14.999390  0.560785  
224  0.04929566  1.327769  10.397198  0.262238  
144  0.02254134  2.826899  7.469558  0.548929  
268  0.04286093  1.448500  10.517441  0.346225  
378  0.01611258  1.557817  9.855800  0.622143  
255  0.03106815  1.805811  11.585284  0.485664  
339  0.01617838  1.895169  8.765374  0.621334  
216  0.00920231  1.736351  10.283975  0.681242  
352  0.01208396  2.734428  12.526780  0.658841  
107  0.03243794  1.510269  10.298013  0.468619  
317  0.04180517  1.231941  7.315439  0.361255  
105  0.03510425  2.750420  11.683554  0.422475  
209  0.03591028  1.670370  7.815027  0.410161  
347  0.01648643  2.533067  6.589099  0.620388  
