115  0.01452147  2.409589  6.884823  0.643262  
271  0.03786029  1.665426  6.376385  0.394658  
159  0.00576885  2.756706  9.276254  0.705748  
270  0.03749690  2.814264  7.552263  0.397710  
343  0.01550096  1.868496  10.166173  0.633389  
313  0.03632002  2.862117  13.326365  0.417638  
197  0.01720573  1.994415  6.391339  0.617977  
214  0.02069301  1.362316  5.272530  0.588893  
210  0.04251250  2.714835  13.074282  0.293565  
330  0.01776202  2.477035  6.796930  0.605113  
233  0.03819974  1.582904  6.996216  0.375553  
192  0.02290173  2.587451  8.076571  0.581599  
331  0.00976458  1.989715  6.949217  0.676862  
393  0.03227046  1.097171  12.186193  0.483222  
244  0.03805618  1.386670  6.525010  0.380436  
358  0.03238710  1.060121  5.398267  0.468909  
221  0.00470562  2.474471  12.732475  0.717544  
243  0.02611835  2.412030  12.500534  0.532998  
299  0.03103824  2.844111  10.634022  0.487098  
294  0.00767101  1.008972  11.567888  0.696440  
287  0.04994617  1.093142  6.177099  0.250107  
174  0.02820145  2.633900  13.286996  0.506600  
161  0.03011557  1.879604  12.766045  0.489433  
226  0.04659496  1.868557  8.841365  0.268754  
327  0.01494617  2.975280  8.158361  0.633450  
294  0.00505853  2.501816  8.837703  0.714385  
144  0.02876821  2.382611  13.218940  0.503624  
251  0.01341337  2.190771  14.980163  0.644101  
148  0.00365435  1.241157  9.141667  0.723388  
304  0.04749968  2.678823  7.473220  0.264863  
207  0.00622645  2.814814  11.281320  0.702956  
382  0.03422495  1.232124  5.691549  0.447470  
302  0.04972036  1.572710  11.873074  0.261093  
303  0.00836039  2.356914  8.720206  0.677686  
173  0.02508203  1.509659  6.995911  0.553369  
204  0.01245781  2.529160  7.250740  0.667280  
166  0.03344435  1.631184  11.358837  0.450323  
252  0.03847490  1.881252  10.200049  0.368061  
159  0.02463042  1.225166  14.114658  0.558329  
347  0.01577313  2.774468  9.604022  0.630581  
358  0.02415339  2.386090  6.187475  0.568567  
110  0.01328925  1.206427  7.032228  0.644589  
197  0.01590622  2.513413  10.807672  0.626202  
349  0.02910169  2.306436  5.278024  0.497017  
114  0.00210511  1.415784  10.265969  0.743377  
377  0.03227943  2.997375  11.573077  0.481101  
228  0.03678359  2.468429  9.690695  0.405858  
242  0.04312711  2.524461  14.400922  0.287706  
225  0.04562444  1.243965  9.025391  0.269242  
244  0.03257552  2.186987  6.296426  0.467689  
365  0.03404102  2.416547  13.727683  0.448477  
119  0.00199445  2.542467  11.146733  0.747040  
343  0.03559474  2.773309  9.165166  0.426733  
298  0.01293484  2.803888  7.635273  0.644650  
199  0.01083081  1.109317  9.576861  0.672803  
212  0.04051463  2.393231  11.923124  0.342364  
374  0.01199124  2.879452  5.991241  0.669202  
382  0.03650993  1.881436  13.587909  0.408864  
331  0.01842897  2.984191  14.942625  0.589091  
253  0.04464943  1.096194  10.604724  0.275239  
165  0.03858406  2.227882  7.418897  0.348346  
146  0.03849733  1.262215  12.908872  0.365146  
125  0.03668191  2.052767  11.488540  0.407811  
335  0.04356825  2.900693  11.132694  0.286897  
276  0.02447340  2.375469  8.693045  0.561853  
400  0.02816855  1.108524  8.696097  0.508675  
256  0.00805683  2.981750  9.885708  0.693815  
252  0.02605255  2.017426  12.789850  0.538614  
184  0.02463939  2.220130  6.897031  0.554056  
203  0.02533625  1.933134  14.181799  0.547967  
143  0.02071395  1.926603  8.547166  0.583232  
127  0.00351228  1.151555  8.462935  0.740143  
290  0.04712284  2.860225  9.309519  0.268586  
399  0.02676138  2.961608  13.543352  0.518670  
351  0.02346999  2.682669  12.619556  0.573588  
220  0.03943495  2.147923  11.206549  0.346500  
160  0.03601944  2.927061  14.669485  0.418783  
130  0.02855437  1.639790  5.548112  0.504540  
341  0.04811130  2.714347  14.789117  0.263443  
321  0.03849135  2.062777  9.420606  0.368061  
303  0.03794552  1.452162  11.414075  0.391545  
335  0.00809720  2.097568  12.843562  0.691053  
158  0.02791433  2.626270  14.468368  0.518242  
201  0.04414698  2.973510  5.952177  0.280900  
203  0.04510254  2.332560  11.953642  0.273530  
183  0.03851228  1.382641  14.698172  0.353153  
348  0.04081671  1.638020  6.922361  0.332324  
352  0.00499423  2.839290  11.437880  0.714751  
196  0.01263875  1.455824  7.041993  0.647977  
122  0.04719761  1.276254  6.020234  0.266175  
264  0.01711151  2.625538  8.901181  0.625072  
287  0.00365136  1.725059  7.193976  0.736755  
223  0.03343239  2.547960  9.308603  0.451010  
215  0.02849605  2.503281  10.453963  0.506279  
178  0.03411429  1.291025  12.335734  0.447729  
209  0.00643730  2.701102  7.973418  0.696760  
352  0.04095727  2.806635  10.012665  0.327013  
231  0.02599573  1.149419  10.369427  0.545755  
156  0.04165264  1.024964  12.665029  0.302461  
336  0.02967293  1.730735  9.894864  0.493599  
