294  0.00340312  2.381817  8.081454  0.735305  
367  0.00849797  2.098178  11.562395  0.655133  
198  0.04284149  2.021027  13.354442  0.292528  
393  0.02584469  1.859523  13.863796  0.535134  
100  0.02869344  2.766533  5.498672  0.475013  
374  0.03320658  1.299509  5.472121  0.461768  
315  0.01501047  2.208350  13.166753  0.597163  
155  0.04243175  2.016877  9.790796  0.307131  
178  0.02055394  2.160558  8.101291  0.552362  
147  0.03613309  1.683126  6.731925  0.418447  
240  0.00721192  2.562365  7.750023  0.659833  
247  0.00566866  1.744041  11.925565  0.679487  
102  0.02029972  2.869137  5.847499  0.560373  
174  0.03528968  2.529099  8.862117  0.438238  
142  0.04219697  2.356670  12.106540  0.329745  
186  0.02503269  2.160070  10.616321  0.542245  
369  0.04149263  2.798944  11.625263  0.335147  
389  0.03766588  1.107242  5.922575  0.387410  
248  0.01428220  2.919370  5.498062  0.606273  
385  0.03173061  2.478683  10.806452  0.466742  
265  0.04211921  2.115085  12.650685  0.335116  
325  0.04354433  2.399701  12.935118  0.281953  
128  0.04401837  1.455580  5.361034  0.279191  
276  0.03896988  2.388409  12.582934  0.351047  
187  0.01745247  1.119877  13.533891  0.587367  
315  0.02717261  1.716819  12.884152  0.533563  
365  0.01102820  1.498917  11.783959  0.622539  
204  0.03328883  1.608539  14.087497  0.459113  
106  0.02525401  2.417463  5.063173  0.541269  
340  0.04233604  2.020966  13.117008  0.312929  
155  0.04898163  1.553911  9.115421  0.263398  
128  0.04974877  2.933226  12.103793  0.252411  
400  0.02846464  1.425306  7.776269  0.483177  
168  0.03783486  2.769585  8.946043  0.371784  
156  0.03805170  2.493332  6.262856  0.352222  
382  0.02822837  2.076510  10.633412  0.521767  
343  0.00405213  2.296976  14.377422  0.706221  
382  0.02144371  2.089816  7.275460  0.542444  
241  0.02580731  1.270699  12.246315  0.539438  
247  0.00364837  2.630543  12.770928  0.727279  
189  0.00715958  1.316111  10.065767  0.660398  
143  0.01033583  1.098636  8.056124  0.625500  
267  0.00391455  1.512955  8.566698  0.723495  
166  0.03137770  1.449599  6.195105  0.467643  
327  0.00222025  2.827265  14.838862  0.740722  
288  0.01453343  2.179235  6.385846  0.602962  
117  0.04057894  2.553453  14.955443  0.339434  
371  0.00859816  2.772637  7.582476  0.642514  
150  0.03219419  1.762597  6.824702  0.463034  
102  0.03040867  2.026826  13.069704  0.468329  
224  0.02910019  1.469436  10.062105  0.471320  
245  0.01794745  2.395917  6.261635  0.583125  
315  0.04756697  1.830287  10.719779  0.264603  
275  0.04575604  1.277474  6.443525  0.273743  
344  0.00350182  1.685873  13.650777  0.731933  
189  0.03117283  2.209754  12.418134  0.467963  
233  0.01529759  1.424635  10.379803  0.587931  
374  0.03348772  1.530229  13.288217  0.458182  
170  0.03658171  2.708060  11.857509  0.414068  
115  0.04010639  2.410688  10.160680  0.339831  
174  0.02134950  2.321696  9.638203  0.546808  
341  0.03346379  1.577227  11.628925  0.458640  
170  0.03431617  2.545701  12.081210  0.444998  
246  0.04073446  1.701559  10.766167  0.338839  
116  0.00695322  1.222297  10.407575  0.667295  
351  0.00549669  1.652791  13.249458  0.692442  
235  0.01004273  1.390820  9.062624  0.625881  
127  0.00665563  2.793207  6.410260  0.677808  
229  0.02828669  1.205878  12.128513  0.518975  
144  0.04306729  1.514664  8.720817  0.286653  
217  0.02529588  2.112339  8.718680  0.539972  
340  0.01267763  1.518571  9.700766  0.620968  
222  0.04269793  1.155950  11.630146  0.302919  
258  0.04276073  1.169988  12.765435  0.293916  
248  0.03770925  2.129185  11.294137  0.371845  
124  0.00786691  2.873348  9.321726  0.655255  
343  0.01315168  2.221656  7.461623  0.611446  
277  0.00699808  2.058260  12.761773  0.661969  
115  0.01890899  2.225013  10.389874  0.576472  
195  0.03581457  2.294046  7.106998  0.420980  
365  0.02004251  1.376415  7.759789  0.566752  
127  0.02603760  1.503250  8.211463  0.534890  
388  0.04379257  2.866878  9.435255  0.280366  
364  0.00940419  1.487869  6.848811  0.640530  
237  0.04502329  1.137150  5.714743  0.274140  
127  0.03882034  2.248085  13.970916  0.351459  
367  0.02807883  1.590167  12.161168  0.531671  
340  0.03387054  1.125126  10.158849  0.452506  
244  0.04703162  1.505692  11.694845  0.268662  
141  0.03568148  1.883572  5.066530  0.423772  
362  0.04058641  2.012726  8.642689  0.339267  
237  0.04240333  1.707480  9.691610  0.310808  
150  0.04413950  1.195624  6.093173  0.274705  
119  0.01843794  1.984771  5.907926  0.582377  
351  0.03408289  2.039705  13.469497  0.448386  
155  0.03212091  2.924924  5.044862  0.465461  
268  0.03740867  2.206885  11.964019  0.393895  
282  0.03792459  1.766015  11.701254  0.370182  
137  0.01916770  1.823450  7.605060  0.575709  
159  0.00765157  2.812922  11.647237  0.659391  
