332  0.02939180  2.810297  11.499527  0.436453  
250  0.01645204  2.068697  14.888913  0.566919  
265  0.01506580  1.038392  10.505844  0.576640  
322  0.03813993  1.023377  7.945647  0.328448  
316  0.02243068  1.004700  5.423292  0.495140  
151  0.01828990  2.493454  14.416486  0.537622  
395  0.01773061  2.036470  14.049654  0.545206  
363  0.02492053  1.521439  11.210211  0.465461  
274  0.00443645  1.509781  9.353771  0.700163  
314  0.03863042  1.488907  10.647755  0.318453  
106  0.00519312  2.442122  14.848933  0.690641  
348  0.02668661  1.019715  7.258675  0.450629  
342  0.00327750  2.355815  6.200293  0.716811  
192  0.02312754  2.210852  13.733787  0.488075  
331  0.02453920  1.752770  6.500900  0.478401  
171  0.00439009  2.464217  14.426252  0.702132  
384  0.02143773  2.133885  8.664052  0.502495  
309  0.02150502  1.962310  8.252663  0.500557  
185  0.03741765  1.505020  8.346049  0.328524  
193  0.02869643  1.883145  7.077395  0.444555  
115  0.03011856  1.968963  10.889462  0.411214  
387  0.01127345  2.029206  11.933195  0.594874  
292  0.00951335  1.569597  12.288736  0.623012  
159  0.00822730  1.911710  8.991516  0.665723  
389  0.03042064  1.278024  13.347423  0.405614  
132  0.03009763  1.722495  11.268807  0.431341  
182  0.01886413  2.138157  14.248939  0.523461  
267  0.03042512  2.304910  11.915494  0.404866  
187  0.01777548  1.375500  9.997101  0.543374  
350  0.00583016  1.439650  11.843165  0.684080  
248  0.03543623  1.963530  11.805322  0.350223  
304  0.03027110  2.751274  9.607379  0.410237  
182  0.00426746  1.989410  11.799524  0.710829  
364  0.02076031  2.559069  6.172216  0.502541  
340  0.02886541  2.416730  14.592883  0.441443  
129  0.02568767  2.299783  12.683950  0.458151  
219  0.03303012  2.749626  5.637837  0.373402  
204  0.00708481  2.977599  6.879330  0.679655  
100  0.00778167  1.922819  9.013794  0.673719  
121  0.02685110  2.713004  14.577624  0.445441  
104  0.04533134  2.711783  12.714774  0.281526  
243  0.00215744  2.106540  8.015229  0.744781  
290  0.01059453  2.337992  13.832057  0.594966  
364  0.02524802  2.057588  13.919645  0.458411  
321  0.02454967  1.978545  5.479141  0.472114  
147  0.00953728  2.136448  12.333903  0.615978  
333  0.04318094  1.830714  8.205054  0.292848  
191  0.00272570  1.846706  13.663594  0.728408  
366  0.03266674  2.481002  7.157353  0.376026  
321  0.00635804  1.383618  7.339244  0.683958  
321  0.03234223  1.829249  8.721732  0.382710  
156  0.02332194  2.044710  12.258217  0.486320  
346  0.02443751  1.982940  12.937254  0.479102  
204  0.02506858  2.532151  7.913297  0.462714  
299  0.03549007  2.598071  7.006592  0.348956  
269  0.00516022  1.248299  7.183905  0.692763  
203  0.03490387  2.370220  6.880856  0.351825  
211  0.01705918  1.581927  8.339030  0.560160  
285  0.04040248  1.005493  14.451582  0.302660  
139  0.01919910  2.355754  6.164586  0.521935  
118  0.03740419  2.287393  13.620563  0.330462  
166  0.01421641  2.316935  11.529435  0.581797  
138  0.03651143  1.045900  5.639973  0.335635  
285  0.02609891  1.036500  6.367534  0.458090  
370  0.01872655  1.185247  8.899350  0.529336  
122  0.00193014  2.105319  8.277078  0.746414  
334  0.03459880  2.677358  7.026734  0.362033  
344  0.04500385  1.314951  6.906186  0.282304  
289  0.00957466  2.840449  8.027741  0.610271  
320  0.01958940  1.843593  14.336528  0.511345  
344  0.03031596  1.538713  12.429121  0.408238  
334  0.00849947  1.579119  14.953917  0.659543  
277  0.02899252  1.410047  6.306803  0.436743  
179  0.04909378  1.858791  8.147984  0.254807  
205  0.02943068  1.108524  11.902676  0.432134  
126  0.00356761  1.328013  10.782342  0.714095  
247  0.02391263  2.084933  10.491195  0.479392  
264  0.01140654  2.579272  7.022156  0.593837  
157  0.03220765  1.866909  5.555437  0.393040  
246  0.00576437  1.969939  12.044282  0.685926  
254  0.00746913  1.401685  5.347606  0.679624  
233  0.01971203  1.787866  14.591968  0.504158  
334  0.04583529  1.024354  8.866695  0.268571  
387  0.00244456  1.983428  12.598193  0.742691  
252  0.03626618  1.278573  14.373455  0.340915  
307  0.03315275  1.269723  7.345653  0.373356  
203  0.02229609  1.379711  11.070437  0.499718  
250  0.00430784  1.754967  6.204566  0.708419  
265  0.03419803  1.835841  8.737907  0.367191  
157  0.03972655  2.667104  13.058412  0.310595  
311  0.03558876  2.868892  13.171636  0.341021  
279  0.00802542  2.404035  10.392926  0.669507  
311  0.03405148  1.063967  13.510392  0.370701  
363  0.01035975  1.353343  8.925901  0.596644  
364  0.00771438  1.367992  7.149113  0.675596  
324  0.04625550  1.909452  10.817438  0.260926  
147  0.01147832  2.402264  5.233772  0.593272  
331  0.01768276  2.139622  12.221290  0.551401  
370  0.03232429  2.312906  12.917722  0.383702  
397  0.04480346  2.848811  11.416211  0.291337  
