292  0.02954732  2.289224  9.909818  0.468146  
226  0.00652852  1.625263  11.281930  0.697462  
390  0.01744200  1.697165  14.600513  0.593638  
334  0.01524525  1.063784  10.681021  0.633908  
193  0.01548750  2.749687  5.454726  0.624325  
210  0.00172378  1.005982  9.642170  0.742370  
222  0.03917176  2.012055  12.686392  0.347522  
162  0.00874322  1.563982  9.354381  0.681654  
378  0.03482311  1.077761  7.693869  0.414785  
336  0.04415445  2.151219  11.122013  0.329424  
250  0.02977013  1.689901  13.623615  0.451407  
355  0.01638624  2.980834  9.863430  0.601939  
278  0.04151506  1.681600  13.950468  0.342929  
389  0.00367678  2.763421  8.685110  0.726669  
316  0.04503525  1.614277  13.421888  0.316912  
187  0.02579684  2.885372  12.806940  0.534402  
353  0.01829139  2.149327  13.296152  0.589595  
333  0.02988678  1.431959  14.881283  0.450735  
210  0.02837342  1.258797  6.816767  0.485008  
283  0.02731468  1.281747  10.802484  0.497856  
208  0.02482482  2.601306  7.523576  0.543146  
344  0.02527793  2.394452  6.679434  0.542932  
150  0.02248003  2.017731  8.565783  0.570353  
336  0.03252019  2.589038  5.012818  0.437582  
128  0.03888165  2.389508  11.905728  0.373341  
195  0.02882354  2.817011  12.512131  0.471931  
363  0.04002564  2.289651  8.434553  0.343249  
239  0.04538517  1.423170  14.658498  0.291108  
121  0.03914634  1.207160  9.799646  0.359363  
269  0.04151955  2.406598  14.335307  0.342685  
210  0.00525742  1.878689  6.438032  0.717635  
364  0.04883508  2.493454  14.829096  0.261795  
305  0.01883721  2.670888  10.163427  0.582316  
368  0.00590942  2.168676  12.523118  0.710158  
187  0.00692929  2.273721  9.896084  0.693190  
251  0.04499188  1.923368  12.914365  0.321276  
316  0.03578915  1.438124  12.045808  0.381870  
396  0.03912540  2.120884  6.406293  0.361728  
345  0.04945119  2.369304  8.870663  0.258744  
148  0.01590323  2.310892  8.953978  0.612865  
380  0.03715146  1.922575  5.107120  0.375156  
278  0.01448109  2.776666  8.267617  0.641934  
243  0.03267421  2.190771  11.542558  0.431921  
134  0.03900726  2.838923  10.229347  0.364429  
226  0.00537407  1.668905  10.243385  0.715651  
204  0.01214527  2.211158  13.605609  0.647488  
292  0.02923478  2.185339  6.091037  0.471381  
108  0.03213886  2.749016  5.405896  0.439291  
280  0.01660756  1.451064  9.366283  0.601390  
339  0.04792288  1.521256  5.482803  0.284883  
310  0.02181307  2.642201  10.644398  0.571100  
146  0.04834907  1.491287  8.538011  0.273377  
122  0.02320679  1.155278  8.407086  0.557337  
217  0.01267913  2.493088  5.766930  0.647473  
224  0.00228007  2.804193  7.853175  0.740616  
312  0.00732258  1.862270  8.249916  0.692991  
140  0.02946358  1.510453  12.607654  0.468909  
238  0.04444755  2.288369  11.079592  0.324770  
260  0.03607776  2.233253  5.660726  0.379170  
342  0.02866952  1.443556  12.404401  0.484519  
161  0.03125507  2.729484  8.155004  0.441488  
388  0.01172506  2.963439  6.261940  0.653714  
145  0.01777398  1.992340  10.822626  0.590785  
368  0.00887182  2.653798  13.573260  0.666318  
113  0.04574258  2.122471  9.230781  0.290956  
115  0.04501880  2.632618  13.179876  0.320345  
365  0.04420081  2.206214  6.745964  0.329241  
111  0.04817859  2.726676  5.620746  0.281892  
366  0.04277270  1.745445  14.529710  0.335116  
167  0.01114933  2.088656  7.662130  0.663099  
215  0.00405213  1.563555  12.206946  0.723205  
106  0.02620808  1.926603  6.712394  0.530267  
228  0.00616813  2.146947  12.313761  0.710158  
129  0.01437043  1.692221  12.407758  0.643597  
152  0.04538368  1.323191  12.507859  0.310686  
296  0.03057167  1.316050  9.062014  0.446646  
348  0.03452852  1.274178  8.067110  0.429952  
264  0.01479064  2.344401  8.652760  0.637219  
224  0.02988528  1.386547  9.640339  0.450873  
146  0.03526426  2.385418  10.730155  0.398671  
274  0.02371374  2.602405  13.807031  0.543954  
207  0.01118372  1.352611  14.427168  0.658856  
277  0.02737150  2.999023  13.014771  0.488258  
114  0.04311664  1.858669  9.785302  0.332858  
260  0.01667486  1.549089  13.119144  0.593883  
394  0.00567315  1.004456  12.199011  0.710463  
290  0.00835740  1.642720  7.316050  0.686338  
252  0.02011280  1.988006  6.141087  0.579112  
327  0.02777227  2.235939  10.979797  0.485862  
292  0.02135548  2.660573  13.731956  0.571650  
262  0.00415979  2.683584  9.054689  0.720733  
247  0.00282141  1.648701  11.382336  0.736663  
297  0.03523884  1.661031  12.422407  0.414541  
211  0.02736253  2.179662  14.957884  0.494469  
104  0.01939949  1.333934  8.368633  0.582057  
281  0.04972784  2.547105  11.889554  0.258057  
112  0.02696326  1.343699  9.116031  0.500099  
160  0.04242277  1.488235  8.683584  0.340182  
143  0.03533454  1.495193  7.642598  0.394948  
136  0.02577142  1.854946  5.580157  0.541162  
