225  0.00922324  1.504166  7.918180  0.674467  
128  0.02643388  2.107089  7.942595  0.451086  
306  0.02592245  1.040651  13.507340  0.456977  
107  0.01784875  1.581500  7.573931  0.586146  
208  0.01055266  1.841395  10.458235  0.662839  
346  0.02708737  1.447401  7.801599  0.447424  
377  0.03101581  2.103305  13.777734  0.420110  
252  0.04755950  1.996857  5.094607  0.274979  
150  0.03936317  1.970672  7.823878  0.301057  
229  0.04407071  1.689169  8.438520  0.277390  
307  0.01259389  1.929350  5.898160  0.630276  
344  0.02599722  1.418043  6.926328  0.455283  
285  0.02751506  1.584185  9.403516  0.446326  
239  0.02888186  2.053438  7.302011  0.424947  
272  0.02845119  2.861019  8.451643  0.428732  
358  0.03784982  1.671407  7.729881  0.308245  
130  0.01246977  1.396435  9.953154  0.632778  
264  0.02178765  2.282571  13.164922  0.511406  
339  0.00823029  1.010437  12.298196  0.678892  
249  0.03759859  1.542863  12.537156  0.324389  
378  0.00219034  2.937559  13.948943  0.732406  
274  0.01095343  2.139195  9.886013  0.659360  
363  0.00922025  2.188025  12.906125  0.677473  
361  0.02508203  1.529374  11.731162  0.483345  
115  0.02043580  2.256325  11.285287  0.549188  
132  0.00527985  2.737480  12.689749  0.692412  
249  0.04081970  2.646352  10.436262  0.295152  
319  0.02824033  2.203162  11.830653  0.431799  
105  0.02160820  1.596881  13.386486  0.532525  
115  0.00397436  2.519272  14.779656  0.716704  
321  0.04106494  1.203742  9.141362  0.294038  
147  0.02927515  1.502152  12.385174  0.424078  
231  0.02583422  2.109287  13.786584  0.459708  
253  0.01139158  1.686483  7.094180  0.634976  
126  0.02515531  2.308939  12.647633  0.472144  
267  0.04404978  1.258614  14.295022  0.278031  
313  0.01639073  1.658650  12.248756  0.594996  
311  0.02517475  1.904019  9.022950  0.460623  
203  0.00934288  2.609668  6.673330  0.669401  
206  0.04997458  2.278237  9.872890  0.255509  
201  0.04817112  2.794000  6.479537  0.269669  
329  0.04822047  1.083682  12.887204  0.260788  
370  0.02412198  2.587634  5.755943  0.486869  
193  0.02119398  2.283059  9.954375  0.546579  
270  0.01132130  2.940001  10.504624  0.635601  
257  0.00350630  2.063692  10.008393  0.719237  
236  0.01611856  1.822413  5.541398  0.595714  
346  0.01131681  2.029695  8.370769  0.641217  
303  0.03773318  1.873684  13.765221  0.320544  
388  0.04332899  2.993957  11.167180  0.278642  
297  0.00157723  1.446913  7.206183  0.734756  
143  0.00351527  1.916044  9.099857  0.718108  
293  0.01450801  2.549303  10.003204  0.617656  
229  0.00492544  2.242286  9.270455  0.699950  
338  0.02586264  2.356548  5.566729  0.459662  
389  0.00722538  2.388836  6.402631  0.687803  
261  0.02509101  2.332194  9.990692  0.481452  
218  0.02310361  1.631489  7.038942  0.497673  
377  0.04687460  2.734611  7.447279  0.275880  
146  0.02328156  2.464278  13.263192  0.494713  
206  0.03519398  2.706717  7.170476  0.341250  
315  0.02280453  2.821833  7.524796  0.504082  
284  0.03178594  1.457228  11.859951  0.409444  
160  0.01371844  1.674642  8.439741  0.620418  
284  0.00719996  2.518357  10.271462  0.689741  
190  0.00422260  2.649586  10.276040  0.701262  
318  0.04201004  2.939146  8.565783  0.280335  
148  0.03706323  1.753258  7.443617  0.327227  
246  0.03417411  2.814081  11.954863  0.382466  
127  0.01946080  2.236244  10.956297  0.584880  
200  0.00779962  1.983367  6.577807  0.680982  
264  0.04835954  1.369640  7.753990  0.257813  
327  0.01114933  2.342204  7.561724  0.657498  
167  0.03825657  1.678976  7.235176  0.303133  
178  0.04539265  2.197790  9.166997  0.276292  
132  0.01474129  2.228919  13.585772  0.611370  
200  0.00285281  1.775536  13.020264  0.723083  
209  0.02283145  1.135685  8.759575  0.503304  
197  0.03809357  2.540025  6.933348  0.308092  
344  0.04181564  1.846095  10.518967  0.283418  
307  0.04151656  1.719565  5.973235  0.288682  
398  0.01738218  2.117527  14.020966  0.590098  
324  0.02022944  1.554155  5.509659  0.571726  
120  0.03463469  1.309091  5.304880  0.366169  
380  0.02391861  2.567858  9.194159  0.486946  
319  0.03324097  1.800378  11.927396  0.397008  
350  0.03634394  1.861354  9.451735  0.334552  
233  0.00955522  1.342723  11.161077  0.665372  
344  0.00935633  1.267891  10.347148  0.667890  
207  0.02524055  2.168859  10.898312  0.460349  
220  0.03456291  2.466414  8.887448  0.372852  
373  0.04175283  2.985168  13.864711  0.283921  
239  0.01964025  1.060244  7.161321  0.576640  
317  0.03432365  2.804621  13.288827  0.381901  
103  0.03454646  1.443739  10.478378  0.379063  
389  0.03366567  2.191259  8.961913  0.388554  
142  0.03482611  1.251350  12.073275  0.365513  
157  0.00790579  1.131535  7.958464  0.679212  
259  0.00189575  2.564623  9.262520  0.733169  
261  0.00417475  2.673391  5.401624  0.701842  
