184  0.02024290  1.561846  10.910825  0.562357  
138  0.04119803  2.269997  10.430769  0.334338  
379  0.00459795  2.632496  13.316904  0.726684  
149  0.04700470  1.958769  11.886807  0.259507  
392  0.00455608  2.954100  7.427747  0.728240  
366  0.04157189  1.931120  8.055208  0.333361  
208  0.04794382  2.266945  5.549028  0.256821  
308  0.00138432  1.828883  5.998260  0.749786  
376  0.01811493  2.732963  7.693564  0.588786  
304  0.02833903  1.196295  10.360576  0.445929  
348  0.04181863  1.825526  12.484359  0.320482  
128  0.01041957  2.005768  10.835444  0.685148  
384  0.02363747  2.030854  11.210822  0.512566  
170  0.03966674  2.518235  8.668325  0.359348  
288  0.02244563  2.260353  14.024628  0.539254  
191  0.04319141  2.065340  10.907163  0.308794  
186  0.01210190  1.972930  5.796838  0.671812  
260  0.02087844  2.608264  7.056642  0.557184  
243  0.01454988  1.509964  11.604816  0.660077  
112  0.04933454  2.480392  9.537187  0.250076  
153  0.01598846  1.305673  14.397565  0.617595  
157  0.04401090  1.803186  8.115329  0.287049  
390  0.02358214  2.700735  6.422163  0.524789  
233  0.04024696  2.926267  10.526902  0.348544  
283  0.00584661  2.312052  7.619709  0.711486  
395  0.01524375  2.138768  8.092441  0.630459  
227  0.01005918  2.539293  14.793085  0.689879  
146  0.01115232  2.074923  7.491226  0.684339  
399  0.04537172  1.072573  11.054872  0.274812  
304  0.02327857  2.942320  9.249702  0.525262  
188  0.03740568  2.459883  12.202368  0.373768  
160  0.03627665  2.190405  11.184271  0.374424  
399  0.02661632  1.138127  11.444899  0.460379  
359  0.00714612  1.758141  12.235328  0.706709  
259  0.02520765  2.087130  12.605823  0.478126  
289  0.01193442  2.836421  10.125584  0.673170  
201  0.04652467  2.674551  10.762810  0.264176  
348  0.04352788  1.417005  6.291849  0.291307  
104  0.03430271  1.578082  14.551073  0.396718  
178  0.01682141  1.010865  14.840693  0.597972  
363  0.01140953  2.142247  12.261269  0.683226  
189  0.03006174  1.062868  10.107578  0.439734  
276  0.02558300  2.405866  10.674001  0.468223  
245  0.02925721  2.018036  11.024049  0.443899  
313  0.02057936  2.574145  7.560503  0.558847  
109  0.01573275  1.948637  11.121403  0.627575  
300  0.01894937  1.146550  12.139805  0.575800  
251  0.01968810  2.391583  11.945708  0.566919  
271  0.01770070  1.513321  8.832514  0.590007  
116  0.00381884  1.814722  6.103549  0.733810  
108  0.03528669  1.833705  14.586169  0.387654  
381  0.04022752  1.180975  5.402234  0.357013  
205  0.01612604  2.673452  5.142827  0.613109  
285  0.03745354  2.661672  10.812860  0.364460  
317  0.01290194  1.440321  7.132023  0.665586  
157  0.00650160  2.913755  5.538041  0.710707  
392  0.02379598  2.384198  7.019410  0.502419  
263  0.03033390  1.729759  11.552019  0.439444  
330  0.01231126  2.053194  11.020081  0.670774  
235  0.01860543  2.545763  14.835200  0.584941  
238  0.04287887  2.884701  8.303018  0.308947  
149  0.00560585  2.498459  6.427351  0.719924  
247  0.01878936  2.301004  9.441969  0.577021  
345  0.03441337  1.712607  6.597339  0.390004  
215  0.00482525  1.526566  9.347972  0.725845  
227  0.00944905  1.517533  9.130680  0.690092  
160  0.04857637  1.598407  5.126957  0.251129  
205  0.03606729  2.593982  13.232063  0.386448  
280  0.01597351  1.950346  10.630665  0.622570  
221  0.01939051  1.883023  13.050783  0.568812  
142  0.01516001  1.769738  7.240974  0.642193  
267  0.04189938  2.703970  10.645009  0.318194  
231  0.03936018  2.296365  10.831782  0.363102  
350  0.04490814  1.169988  8.530076  0.279557  
181  0.01255351  1.613239  14.164708  0.665677  
135  0.02657146  2.919675  14.064302  0.464209  
155  0.02490857  2.513657  8.454695  0.502327  
338  0.00530677  2.635121  11.081423  0.724319  
367  0.03092907  2.970031  13.717002  0.426840  
205  0.03271908  2.060579  5.596332  0.404241  
149  0.00564324  1.828944  11.040223  0.715453  
182  0.02345204  1.500687  13.367870  0.524941  
313  0.00655843  1.858852  7.378002  0.706969  
179  0.04687759  2.331095  8.841365  0.262467  
133  0.04508161  2.438520  11.040834  0.275269  
305  0.03433412  1.134220  8.771783  0.396107  
181  0.00545930  1.240303  10.081332  0.720061  
283  0.02097116  2.938963  10.862606  0.549417  
161  0.04345909  2.484725  12.420576  0.304399  
122  0.03304956  2.933775  9.352550  0.397496  
215  0.02162764  2.971801  12.134007  0.547250  
361  0.00415680  2.202063  6.838435  0.732818  
253  0.02296603  2.380413  7.035279  0.532311  
133  0.00819739  2.733818  6.015656  0.703322  
258  0.02228263  1.516984  14.827265  0.544534  
264  0.03128648  1.455763  7.700583  0.417714  
130  0.01761397  1.543962  14.867244  0.591548  
258  0.00322965  1.542863  13.698080  0.739517  
328  0.01504337  2.971557  6.303140  0.654920  
313  0.02676885  1.073733  6.071200  0.447256  
