322  0.02079919  1.085452  5.409253  0.501442  
319  0.01005319  2.931028  8.799860  0.626049  
120  0.01247127  2.428083  12.937559  0.593257  
125  0.00578231  2.293130  5.908841  0.690275  
214  0.04540611  2.775994  11.161077  0.276322  
216  0.03898035  2.938353  12.032380  0.334613  
329  0.04047575  1.658773  5.147404  0.319430  
343  0.02655800  1.316660  9.405042  0.465674  
351  0.02523457  1.759545  14.424421  0.470832  
161  0.01690664  2.334574  10.081942  0.568278  
268  0.00275112  2.733024  9.339122  0.738586  
213  0.01317112  1.845729  5.797449  0.583399  
131  0.04177377  1.235298  14.559313  0.318133  
201  0.00281841  2.944945  14.853511  0.729003  
214  0.03017838  1.996796  9.740135  0.394932  
115  0.02875774  2.736381  8.440046  0.435034  
356  0.03402307  1.052187  13.135929  0.379002  
231  0.01714441  2.956603  8.209937  0.558771  
344  0.03057915  2.437483  11.037782  0.390706  
291  0.04491113  1.319285  14.583117  0.288072  
128  0.00229054  2.005585  10.727103  0.749756  
109  0.01888208  1.969146  12.473678  0.538491  
343  0.03303760  2.771966  13.303476  0.386708  
157  0.01858898  2.233192  9.126102  0.540384  
336  0.02027580  1.607379  11.612445  0.511666  
399  0.01222602  2.188879  8.753471  0.605373  
231  0.03504743  1.413648  13.739280  0.373554  
345  0.04720957  2.683340  11.981109  0.270249  
325  0.01411771  2.390851  10.453963  0.575800  
345  0.03919868  1.580279  5.925932  0.334399  
162  0.00938176  2.881100  11.800439  0.633694  
263  0.02770348  2.439375  14.363689  0.444510  
262  0.02657146  2.813288  10.006867  0.452628  
334  0.03534053  1.787622  8.063753  0.368686  
101  0.01710105  1.209845  9.259774  0.559259  
287  0.03384661  1.883023  14.320353  0.380192  
307  0.04294766  1.818567  13.929716  0.298158  
324  0.03997031  2.637684  13.140202  0.324358  
154  0.00560585  1.932035  11.776635  0.695860  
158  0.00459197  2.419904  6.809442  0.722396  
111  0.04799615  1.122806  13.751793  0.263489  
305  0.00306815  2.037690  10.813166  0.728790  
344  0.02212412  1.183111  13.532060  0.490349  
314  0.00674535  2.566149  8.642994  0.665342  
223  0.02736851  2.284768  14.065828  0.445044  
272  0.02329203  1.080020  12.104709  0.479163  
296  0.02956975  1.501724  11.492203  0.399998  
107  0.00771587  2.024323  13.604999  0.634213  
249  0.04382846  2.624073  5.003662  0.296388  
371  0.01416855  1.166448  8.785516  0.571665  
349  0.00614121  2.882199  10.864132  0.687986  
260  0.02965648  1.059267  8.057649  0.399983  
138  0.00385772  1.049440  6.063570  0.724242  
208  0.02499979  2.964599  5.282296  0.472953  
345  0.00560884  2.643971  8.305155  0.693449  
204  0.01275539  1.488052  12.350688  0.584742  
340  0.02883401  1.860195  10.341044  0.429495  
362  0.01748686  2.008271  10.914182  0.545587  
307  0.02665221  2.680105  14.448225  0.446249  
335  0.01397415  2.594653  8.339640  0.576746  
309  0.01739564  1.581805  13.237861  0.550058  
317  0.03064495  2.755974  5.274056  0.390522  
171  0.00519013  1.646870  12.305216  0.710112  
158  0.01999615  2.284097  8.334452  0.517296  
397  0.04819953  2.900204  14.705496  0.261032  
339  0.02499231  1.917814  14.570605  0.473014  
365  0.02309015  2.657460  13.115787  0.484321  
243  0.04968596  2.786431  5.783410  0.254425  
311  0.01369301  2.755547  9.083377  0.580851  
308  0.04458962  2.865291  11.732994  0.292909  
123  0.01817176  2.041475  6.194494  0.544549  
156  0.02082760  1.224555  13.008362  0.498909  
376  0.03607327  2.658864  11.601154  0.351520  
350  0.03693164  1.934904  8.104648  0.341617  
107  0.01990194  1.734642  14.348430  0.521310  
300  0.00742875  2.357524  6.303446  0.655713  
290  0.00706836  2.294168  5.598773  0.661496  
160  0.01822858  2.439436  9.527116  0.542291  
233  0.04870348  2.858638  11.422010  0.256607  
124  0.01937407  1.812220  13.712119  0.526543  
394  0.04774642  2.467391  9.537797  0.263962  
370  0.02212262  1.198126  14.632862  0.498177  
180  0.01725806  1.055239  13.533280  0.554834  
333  0.02869195  1.115909  5.786462  0.435095  
159  0.03392886  2.466536  7.854091  0.379643  
156  0.02934394  1.399670  8.155919  0.408269  
361  0.04574407  1.137455  10.565355  0.271867  
366  0.01124802  2.842158  14.654225  0.606151  
400  0.03245439  1.893460  14.726554  0.390172  
129  0.00236232  2.608997  7.077395  0.744095  
354  0.01037620  1.618427  9.472182  0.613842  
263  0.04211921  1.181646  11.692404  0.300356  
331  0.03887866  2.031770  14.812616  0.336657  
208  0.02656548  1.731285  12.412336  0.457678  
367  0.01120167  2.682913  5.964995  0.612438  
297  0.01743004  2.253029  9.134342  0.549631  
170  0.02880111  2.811640  10.024567  0.433889  
325  0.04496048  1.745994  14.455855  0.278138  
319  0.03949327  2.161779  6.138951  0.333743  
285  0.02096219  1.462722  5.906400  0.498329  
