293  0.04092438  1.606220  7.161321  0.352237  
169  0.03779449  1.425245  9.387951  0.376331  
157  0.03441188  1.967254  9.236274  0.430074  
141  0.00714612  1.914457  10.817133  0.651181  
326  0.04106195  1.152837  6.542711  0.350314  
284  0.03757616  2.340556  5.787072  0.379872  
254  0.01848430  2.018525  6.893979  0.516991  
112  0.00811664  2.506027  5.524308  0.613964  
364  0.02261611  2.064730  13.163091  0.508583  
211  0.04371780  2.752007  8.433027  0.334124  
308  0.01231275  1.871731  9.138615  0.582652  
309  0.01932472  1.281808  11.217841  0.510842  
396  0.04863021  2.517991  10.947752  0.267487  
208  0.01729695  1.817103  9.086428  0.534692  
172  0.03178594  1.421827  14.934385  0.450873  
393  0.03867080  2.179235  8.625904  0.365421  
355  0.00806729  2.706961  13.002258  0.632351  
313  0.04892480  1.973296  13.205206  0.257477  
157  0.02447938  1.757408  12.918332  0.501335  
127  0.03945140  2.914487  10.311136  0.363941  
168  0.03838667  2.352214  10.241249  0.374775  
354  0.04397800  1.729637  14.309366  0.329699  
191  0.04534031  2.897092  6.603748  0.312670  
259  0.01108054  2.245521  7.976165  0.605403  
303  0.01833027  2.056368  12.302774  0.529382  
270  0.03651592  1.478896  13.055666  0.386601  
235  0.00564174  1.780358  5.772118  0.697615  
271  0.01370348  1.535600  5.257576  0.574656  
200  0.04963512  1.569781  14.811090  0.255951  
342  0.00640141  2.141209  13.830531  0.669004  
346  0.04411109  2.074129  10.618763  0.319781  
172  0.01544563  2.930540  11.322214  0.572886  
213  0.04879321  1.029298  12.046724  0.260300  
198  0.00964794  1.452467  6.673635  0.611309  
368  0.04560500  2.358745  10.217750  0.307512  
165  0.04062828  1.461257  5.573138  0.360645  
260  0.02451827  2.231788  9.093448  0.499168  
359  0.03554390  1.709738  7.350230  0.417898  
325  0.04228819  2.254982  11.863002  0.349246  
235  0.00568062  1.385022  8.786431  0.694884  
203  0.04410062  2.005280  12.517930  0.321825  
103  0.00856975  1.786035  13.374889  0.611766  
326  0.02268938  1.055361  12.851497  0.505806  
112  0.01607370  2.077242  10.980102  0.555368  
248  0.04326170  2.741081  13.645589  0.341845  
221  0.03465413  1.227241  8.808710  0.418050  
133  0.00154283  2.421613  11.270943  0.740265  
157  0.01102521  1.786462  11.340831  0.606014  
399  0.00171181  2.147191  13.500015  0.720748  
228  0.03578018  1.243843  5.639058  0.416341  
210  0.00283187  1.710837  7.354503  0.711409  
302  0.01926939  2.565416  10.507675  0.513161  
251  0.00203482  1.288095  13.462783  0.715529  
115  0.04848814  2.409040  14.549547  0.274964  
202  0.02493698  1.493667  11.962188  0.497307  
315  0.01067528  2.690237  10.535752  0.606716  
255  0.00807178  2.971618  10.719169  0.616466  
396  0.03631254  1.876736  12.901547  0.407094  
272  0.03228391  1.825831  13.754234  0.445120  
313  0.01899872  1.880276  12.845698  0.514138  
339  0.00744371  1.545915  12.551195  0.650266  
339  0.00165050  1.932157  12.733085  0.735107  
328  0.04242875  2.836421  11.621601  0.346393  
292  0.01053023  1.631611  9.475234  0.610668  
322  0.01140803  2.169408  8.540757  0.604900  
138  0.03114890  2.685781  6.590320  0.468635  
179  0.00993954  2.194617  13.927885  0.611126  
298  0.02693634  1.975738  7.944121  0.493721  
399  0.01763790  2.615589  14.747002  0.534402  
317  0.03107263  2.725272  14.002960  0.475532  
153  0.01702777  1.018433  11.133915  0.544046  
311  0.02807733  2.977172  5.043641  0.475929  
144  0.01716385  1.675619  8.914609  0.538034  
209  0.01175347  2.536607  6.416364  0.590159  
108  0.03130143  2.787103  13.362987  0.458655  
261  0.01207050  2.281411  9.865871  0.586222  
300  0.00405213  1.221259  10.786615  0.710036  
215  0.04060286  2.507126  13.396558  0.363651  
280  0.03456142  2.819575  9.466994  0.420125  
152  0.03439244  1.026246  11.382641  0.434194  
102  0.02004550  1.990143  6.569872  0.509209  
387  0.03673125  2.323405  7.911771  0.385472  
383  0.02805490  2.882382  9.164251  0.489479  
115  0.01728648  1.429334  10.888241  0.537332  
109  0.04576949  2.156041  11.628620  0.291505  
330  0.04573360  1.575762  13.513138  0.295869  
128  0.03206558  2.488571  14.802545  0.448645  
357  0.04927473  2.362896  14.617603  0.256195  
287  0.01569686  2.747734  10.460677  0.559824  
168  0.04061333  2.382977  11.219672  0.363514  
249  0.02627985  1.450880  14.313028  0.493828  
236  0.03704230  2.230567  6.853389  0.384297  
325  0.01350758  2.976745  8.021638  0.579981  
380  0.03445076  1.847926  8.924375  0.428076  
325  0.04680880  1.250984  11.920988  0.286668  
326  0.04648729  1.456740  8.833430  0.287461  
312  0.04300449  1.538591  11.461074  0.343493  
240  0.04076885  1.158879  11.132084  0.358264  
279  0.04328263  1.787805  8.171178  0.334368  
398  0.04819803  1.901639  13.771630  0.284318  
