371  0.01923948  2.949278  6.326640  0.521691  
171  0.03020380  1.147404  11.840724  0.462760  
336  0.00593185  1.067141  5.832850  0.728713  
194  0.01215424  1.515213  13.303171  0.641842  
369  0.01201666  2.978576  6.310465  0.644818  
249  0.00743773  1.115421  8.380535  0.702681  
327  0.01504935  2.395489  13.244270  0.612835  
400  0.04694787  1.541154  5.670797  0.286393  
108  0.01441829  2.244362  10.586108  0.619655  
160  0.01400107  2.744987  9.024171  0.636517  
329  0.03673125  2.639637  11.663106  0.389103  
206  0.00925166  2.584826  10.961180  0.650327  
211  0.00350182  2.029267  7.810144  0.742553  
354  0.03389746  1.901700  12.174596  0.421972  
210  0.04833412  2.116184  8.183691  0.262070  
272  0.04289383  2.856380  13.701132  0.325320  
197  0.00685452  1.382397  10.844600  0.704649  
399  0.04864217  2.146580  9.952544  0.261475  
381  0.02352831  1.671346  10.781732  0.510262  
263  0.00323713  2.902707  8.133946  0.746628  
284  0.01111942  1.568804  11.266060  0.650189  
266  0.02273275  2.765618  13.989227  0.515770  
131  0.01735676  1.515336  7.049928  0.557505  
383  0.01022965  2.139683  6.482589  0.650311  
390  0.01419547  2.929075  7.719504  0.619869  
269  0.01705020  1.133061  6.234779  0.557657  
320  0.02821491  1.373180  13.189642  0.471915  
275  0.03681350  1.498245  5.512711  0.386738  
185  0.00822132  2.211707  7.186346  0.669736  
274  0.01526618  2.218116  12.606433  0.598796  
242  0.02414591  2.513962  14.816279  0.497658  
220  0.04106793  1.495437  11.710105  0.328341  
262  0.04804251  1.440382  13.221076  0.266816  
204  0.00375753  1.049013  12.273171  0.740127  
202  0.00638047  1.221992  6.147496  0.716735  
386  0.01879385  2.044649  10.382855  0.524239  
169  0.04527900  2.379437  10.225684  0.293840  
362  0.03707819  2.947020  10.402997  0.381550  
240  0.00748857  2.271584  9.128239  0.698042  
370  0.01486691  1.316050  9.003113  0.619350  
286  0.03068383  1.658345  7.822047  0.449530  
295  0.04549883  1.341685  7.178106  0.289369  
231  0.04409314  1.968291  9.062929  0.309954  
194  0.00911408  1.960479  10.098422  0.652844  
282  0.03492929  2.620594  14.381390  0.412313  
112  0.04767165  1.981353  10.890072  0.280808  
204  0.01951314  1.319040  8.311869  0.520440  
177  0.00901090  2.009064  14.007538  0.656934  
234  0.03646806  2.955931  13.779565  0.397969  
291  0.03493078  1.350230  7.933134  0.411565  
109  0.03728306  2.894040  14.619434  0.372303  
258  0.01996475  2.761284  6.810053  0.520104  
142  0.00866097  2.181433  14.436628  0.660916  
292  0.04326170  2.105258  7.501297  0.318438  
266  0.04289981  1.941557  5.630207  0.324816  
393  0.02949348  2.973388  13.747520  0.467322  
329  0.02478295  2.032441  14.703665  0.497490  
384  0.02248601  1.344737  13.807337  0.517342  
233  0.03877099  1.320505  6.161840  0.367893  
189  0.01903610  1.660848  13.441420  0.524178  
251  0.01210489  1.825831  13.659017  0.642315  
137  0.01867571  2.521958  13.632771  0.529992  
323  0.03470647  2.810968  9.792627  0.413564  
315  0.04173489  2.825922  13.227485  0.325594  
319  0.04467486  1.859035  11.378979  0.306276  
373  0.03434010  2.815241  12.021088  0.421453  
219  0.04790793  2.366192  11.328623  0.269471  
234  0.03690323  2.423383  10.914792  0.386723  
344  0.03096796  2.906064  7.742698  0.448340  
212  0.03340098  2.767998  13.931242  0.438787  
387  0.04983251  1.869045  11.711631  0.257965  
210  0.00752596  2.878109  13.282723  0.690245  
106  0.02907776  2.874020  13.834498  0.468406  
232  0.04351442  2.010712  14.658193  0.310106  
173  0.02684960  2.954405  11.932585  0.493019  
339  0.03552596  1.464370  6.628468  0.405187  
180  0.04557210  2.682546  5.006104  0.288530  
365  0.03873510  1.877224  6.834773  0.370396  
365  0.00309656  1.460280  7.509842  0.748321  
329  0.02609442  1.862575  9.680624  0.496956  
395  0.01169066  2.427839  9.663839  0.649564  
250  0.04509207  2.728446  6.831721  0.305055  
194  0.04544349  2.071200  10.096896  0.293275  
313  0.02787994  1.202704  14.183935  0.483146  
368  0.01804465  1.894620  12.836238  0.539972  
268  0.00507050  2.794977  8.360393  0.739029  
187  0.04994916  1.714377  7.780847  0.256714  
102  0.04029331  1.909818  13.474990  0.335864  
395  0.03145546  2.478622  8.595386  0.448157  
171  0.03957103  2.352641  6.097446  0.353061  
215  0.01575369  1.273202  10.636158  0.591121  
163  0.00771438  2.661977  14.360027  0.671278  
230  0.00810767  2.580798  10.383160  0.670759  
144  0.00631767  2.041719  7.142705  0.725158  
266  0.01779043  2.179296  13.093509  0.540613  
230  0.03891754  1.774377  12.603381  0.353870  
348  0.01866973  1.537675  13.313242  0.536660  
307  0.02233497  1.143803  13.117924  0.518639  
183  0.04520722  1.445570  9.688559  0.302385  
331  0.03242448  1.321787  7.342296  0.439230  
