204  0.02551421  2.148778  7.506485  0.505028  
182  0.01642512  2.627796  10.725272  0.635022  
193  0.04394809  1.704062  5.751671  0.332018  
154  0.02015168  1.311594  14.742424  0.570841  
202  0.00573595  2.864437  6.526231  0.727248  
155  0.02825379  2.777947  13.575701  0.474342  
275  0.03635740  1.809351  9.600970  0.400990  
309  0.01805661  2.220069  6.198767  0.614605  
379  0.01108652  1.696005  9.971160  0.661603  
142  0.00604401  2.216834  13.097171  0.726974  
177  0.01924097  2.571520  7.801904  0.577937  
225  0.01012647  1.204474  11.407056  0.664884  
114  0.02550972  2.911924  14.291360  0.505516  
190  0.03540034  2.135044  11.338694  0.408574  
253  0.00328050  1.179815  10.058748  0.735214  
145  0.03044008  2.303873  11.604816  0.455222  
274  0.04440269  2.580065  10.890988  0.328875  
340  0.04532087  2.540269  13.482925  0.302004  
112  0.04219846  2.881222  5.291147  0.374088  
145  0.03862145  1.939787  13.303781  0.398198  
400  0.04029930  2.022126  5.578631  0.376926  
250  0.02190130  2.338725  12.873775  0.536843  
356  0.02660137  1.474013  5.471206  0.477012  
339  0.04343965  2.031220  7.821741  0.348376  
152  0.04308972  1.238716  8.425703  0.357242  
133  0.02079321  2.061068  6.381878  0.561991  
196  0.02188485  1.181951  8.773614  0.542535  
310  0.02286584  2.034700  6.929685  0.533715  
313  0.04847319  1.371288  8.097629  0.255768  
205  0.02891028  1.045045  12.910398  0.469718  
129  0.04312860  1.468398  8.603626  0.352756  
120  0.04633326  2.222877  9.922330  0.289644  
269  0.03175604  2.260414  9.724570  0.433782  
179  0.04444456  1.888150  12.858211  0.325686  
369  0.04636018  1.355113  10.070040  0.282838  
334  0.04950203  1.513749  12.427900  0.255615  
166  0.02570113  2.165197  10.363323  0.482398  
219  0.03370754  1.981658  11.355480  0.429296  
290  0.00912754  2.807245  10.458846  0.687605  
119  0.01031639  2.163549  12.268593  0.663343  
164  0.04953792  1.704550  11.123844  0.253845  
390  0.03584149  2.940062  13.077334  0.402974  
108  0.04675945  1.747032  5.274667  0.266053  
157  0.02562487  2.634938  12.685171  0.483711  
187  0.04381948  1.084353  10.017548  0.346698  
296  0.02491455  1.736595  11.456496  0.513894  
135  0.04522367  2.259621  6.411176  0.303194  
119  0.00813309  2.953734  8.235878  0.708541  
386  0.03927494  2.671804  14.590136  0.396916  
174  0.04544050  2.359233  10.097507  0.290849  
343  0.03100534  2.551866  14.013337  0.442969  
150  0.02200150  1.866420  13.685568  0.533837  
317  0.02831062  1.979705  8.400678  0.470542  
313  0.03485452  1.797815  9.216132  0.411931  
376  0.02390216  2.228004  8.590197  0.515801  
305  0.04583081  2.110996  11.192511  0.290437  
355  0.01231275  1.124332  10.416120  0.636120  
364  0.04498141  1.176214  14.907224  0.311312  
323  0.00513031  1.444472  14.950865  0.727447  
198  0.03436402  1.113285  6.111789  0.425680  
338  0.03642619  1.817408  11.370434  0.400960  
240  0.03101282  1.841762  14.056978  0.440970  
325  0.02067357  1.505570  14.511399  0.566248  
289  0.04763128  1.421949  6.723380  0.259934  
167  0.04793335  1.956328  6.167028  0.256516  
229  0.01803269  1.223395  12.715079  0.620876  
208  0.02324866  1.463454  7.549516  0.522851  
177  0.04486477  2.193884  8.197119  0.317736  
349  0.02692138  2.874508  6.372417  0.475700  
253  0.00963747  2.272805  10.733818  0.670820  
210  0.01183273  2.284280  11.960051  0.653104  
132  0.04294018  2.043367  6.109653  0.364643  
328  0.02939030  1.314035  11.874905  0.461081  
380  0.00764708  1.299265  10.489364  0.710692  
111  0.02312156  1.143498  10.076449  0.531213  
316  0.04063726  2.566393  9.825587  0.375736  
367  0.00341807  1.184149  5.761437  0.729293  
127  0.04647383  2.012177  12.499619  0.269288  
226  0.04385238  1.412488  10.124363  0.346469  
348  0.01648195  2.853999  11.052126  0.621853  
336  0.04760436  1.166326  11.483963  0.262864  
160  0.02314997  2.582507  5.745872  0.525506  
366  0.03537492  2.898740  13.861660  0.410131  
244  0.03848985  2.305521  7.884610  0.399815  
276  0.04139094  1.230903  6.370281  0.375584  
323  0.01058855  1.536882  5.517899  0.662549  
231  0.04140440  1.902860  6.977599  0.375294  
299  0.00954176  2.056063  9.650105  0.685133  
288  0.00245054  2.124912  10.546129  0.739303  
319  0.00204379  1.295846  6.587573  0.744613  
342  0.03132835  1.654805  13.805506  0.435766  
331  0.01772015  2.328959  12.866756  0.621639  
108  0.00278402  2.896115  5.330821  0.737747  
255  0.01936808  1.169073  14.528794  0.573725  
372  0.03800833  2.690359  12.912534  0.400746  
373  0.03135228  2.026948  13.626972  0.435736  
136  0.01869066  2.514389  10.166478  0.586451  
184  0.02305127  2.620411  12.994018  0.531304  
288  0.04645439  1.732566  5.136113  0.279786  
210  0.00606046  1.873989  6.720328  0.723571  
