364  0.01625315  2.653066  12.144993  0.620632  
355  0.01759902  2.614795  9.760582  0.580485  
255  0.04529695  2.639576  10.620594  0.290162  
157  0.02559645  1.420484  6.806696  0.541101  
175  0.01051827  1.693014  7.197638  0.694227  
107  0.03526725  1.859584  9.358959  0.408986  
222  0.04045482  1.980316  6.419111  0.345691  
189  0.02473809  1.224067  11.952116  0.571390  
269  0.00801346  1.012329  7.003845  0.698851  
112  0.04869451  1.753197  5.095523  0.264801  
245  0.00190622  2.803034  11.229133  0.740875  
389  0.03903418  2.518845  14.841304  0.378056  
367  0.01174300  1.622883  10.687124  0.666852  
208  0.03444926  2.853084  8.282266  0.417943  
351  0.03297479  1.156621  8.813593  0.433370  
152  0.03967122  1.685263  11.977752  0.360401  
269  0.04735014  2.217566  5.358592  0.272691  
215  0.04204593  2.675710  7.484817  0.333987  
112  0.04701218  2.928892  6.680960  0.284425  
302  0.00425550  1.833705  6.185644  0.722030  
307  0.04658000  2.690054  14.570605  0.285035  
202  0.04942875  1.641133  5.605792  0.255890  
332  0.02492950  1.563433  11.579791  0.567499  
146  0.01678253  2.813105  12.724235  0.607662  
366  0.03670882  2.189856  8.741264  0.394688  
367  0.04749220  2.974853  7.609333  0.271134  
108  0.04044734  2.218482  8.369549  0.346179  
254  0.01856655  1.958281  14.326762  0.576914  
123  0.03108609  1.774804  6.617481  0.468513  
314  0.03663854  1.378430  6.704459  0.397771  
373  0.04846721  2.928709  13.838160  0.265442  
255  0.03244392  2.888607  5.480667  0.452719  
279  0.02045375  2.723869  11.833399  0.576426  
296  0.03491733  2.283425  11.797082  0.417562  
285  0.04449989  2.334391  12.018952  0.291780  
351  0.04098569  2.668569  11.256905  0.337985  
215  0.04820701  2.572436  13.627888  0.268784  
283  0.02578188  2.498337  14.024628  0.525369  
264  0.00253877  2.539109  12.576830  0.732284  
360  0.04704059  2.645558  11.000855  0.279313  
264  0.03421897  1.932890  5.787988  0.426443  
354  0.04297906  2.063692  5.184942  0.305422  
147  0.00328498  2.658315  8.820002  0.732147  
148  0.03637236  1.274911  12.203284  0.403249  
131  0.01644755  2.162999  12.875912  0.612133  
350  0.02661632  2.126560  5.872829  0.509117  
254  0.00912455  1.623005  6.908017  0.695494  
395  0.02766311  2.246437  14.854122  0.499779  
146  0.03389895  2.944029  7.800378  0.427679  
198  0.03994339  2.646290  6.134678  0.347507  
144  0.04078381  1.798608  12.810297  0.341693  
344  0.02768853  2.223731  11.602680  0.490791  
180  0.02618415  1.831996  9.805750  0.524285  
338  0.03985516  2.745781  6.456343  0.349963  
158  0.01604678  1.983367  8.579211  0.632748  
175  0.02792331  1.509415  14.026460  0.482063  
212  0.00226212  2.843684  6.926023  0.733932  
363  0.03567101  1.519181  11.895352  0.407659  
204  0.00546529  1.348277  14.508347  0.720412  
161  0.00737043  1.948881  10.328837  0.699141  
385  0.02057787  2.140538  11.978057  0.574686  
114  0.02521213  2.109348  7.169866  0.557672  
310  0.01843645  2.880367  8.726310  0.579127  
330  0.02889532  1.384594  14.773553  0.477088  
326  0.03719483  1.872707  6.152379  0.384037  
121  0.00370669  2.867122  5.517899  0.731948  
391  0.02558150  1.892788  10.796686  0.547952  
317  0.00183593  2.973571  14.169286  0.742935  
371  0.04613736  2.245643  9.263131  0.286729  
246  0.02255928  2.405438  9.136784  0.572611  
142  0.01681692  2.164037  10.885189  0.597011  
110  0.03118479  2.680898  11.720481  0.457450  
284  0.02955330  2.871944  10.720389  0.472007  
325  0.00550716  2.360210  14.020051  0.719024  
118  0.01703824  1.267830  11.053652  0.587077  
178  0.04411109  1.261361  13.550676  0.293001  
189  0.04388079  1.470656  10.288247  0.294618  
142  0.03421149  2.670949  6.997131  0.426504  
113  0.00580325  1.657674  10.247963  0.706328  
189  0.00611429  2.042207  8.215125  0.700056  
216  0.00865947  2.977233  12.691885  0.697218  
149  0.02678530  1.193304  7.798242  0.500542  
387  0.00593484  1.067202  9.537187  0.703780  
202  0.00558492  2.818354  14.516282  0.713866  
283  0.01415210  1.125431  5.131535  0.662702  
274  0.01133027  2.455977  13.946501  0.677000  
367  0.04244670  2.790155  9.171270  0.333682  
247  0.04905191  1.174322  7.928251  0.256119  
111  0.02841978  1.565081  11.772668  0.480232  
303  0.01597800  1.375011  11.295053  0.648877  
364  0.04069408  1.400525  14.016999  0.341861  
369  0.02189383  1.544145  10.952635  0.574046  
289  0.01603333  2.576830  14.268166  0.648144  
398  0.04247661  2.737480  8.025605  0.318148  
329  0.00217090  2.478622  8.933836  0.740463  
353  0.04883209  1.321543  7.706381  0.259903  
292  0.03504743  2.447615  12.380902  0.410436  
143  0.02686007  2.266762  14.909970  0.500069  
299  0.03683593  1.901151  10.656911  0.388050  
304  0.04291327  2.334025  8.065889  0.315905  
