274  0.00140376  1.568682  13.764916  0.748764  
355  0.00924418  2.083346  9.659566  0.690413  
145  0.00238026  1.261971  7.743614  0.742782  
117  0.04934352  2.992737  11.671651  0.256073  
122  0.01043901  2.318216  6.968749  0.685484  
372  0.02424610  2.371685  8.164769  0.498543  
283  0.04437577  2.983764  5.149541  0.302614  
177  0.02589554  1.429884  7.108524  0.463935  
213  0.02261312  2.792535  6.726127  0.552194  
159  0.03207605  2.066866  10.446028  0.420843  
353  0.02364644  1.683004  14.997559  0.516808  
149  0.02920786  2.938292  6.575060  0.443213  
347  0.04816065  1.446547  5.592059  0.266587  
221  0.03885473  2.373882  14.118625  0.379322  
233  0.00684106  1.352489  10.097201  0.698546  
299  0.03672677  2.022370  11.354869  0.391453  
102  0.02978060  2.707694  10.989868  0.439627  
280  0.04014527  1.930387  13.195441  0.376164  
390  0.00254924  2.921628  11.786706  0.737548  
388  0.03060158  2.376812  8.397320  0.430074  
382  0.01905554  2.624134  11.730857  0.603023  
217  0.03427131  1.427503  5.029908  0.402120  
228  0.04091690  1.758690  8.645436  0.365574  
302  0.01429566  1.101993  13.329417  0.628475  
109  0.04172442  2.611560  13.070009  0.352680  
304  0.03341145  2.499496  13.218940  0.406728  
147  0.00413138  1.677206  7.656636  0.714614  
134  0.04919547  2.471358  10.200049  0.265595  
127  0.00248943  2.359355  14.358501  0.742157  
350  0.02504913  2.695730  9.272286  0.497124  
271  0.01171160  1.008362  14.366131  0.671995  
310  0.03100684  1.560991  13.281808  0.427679  
163  0.00450822  1.959990  8.355510  0.714415  
188  0.00776672  1.347056  10.868099  0.693739  
350  0.03298227  1.302133  13.613849  0.420309  
355  0.02821641  1.056032  11.228217  0.445685  
328  0.01320850  2.323099  6.264382  0.647382  
212  0.00493591  2.139622  9.497818  0.714110  
397  0.02065862  2.220496  7.389294  0.578578  
192  0.02039991  1.544633  8.914609  0.584651  
182  0.02362102  1.937651  7.553484  0.520547  
200  0.03333518  1.207404  5.323496  0.408147  
281  0.02194168  1.183905  11.383251  0.563791  
186  0.00564922  2.612903  7.260811  0.702528  
269  0.00383081  1.043886  8.622852  0.719069  
234  0.02821641  2.557665  12.051302  0.714614  
211  0.04202799  1.334544  6.787469  0.345691  
205  0.04991775  1.053102  6.358989  0.250488  
331  0.03877398  1.278268  9.384594  0.389332  
148  0.04486627  1.640278  9.635456  0.301332  
346  0.04743837  2.378338  8.917356  0.280427  
222  0.02254582  1.498062  12.213050  0.556711  
306  0.04495749  1.853298  11.812342  0.300233  
110  0.00317881  2.874447  7.633442  0.727187  
271  0.03107712  1.868374  9.207587  0.423055  
328  0.01176843  1.792810  12.402570  0.655225  
130  0.01933070  2.335002  9.528947  0.593806  
291  0.03028306  1.944853  7.009949  0.439322  
165  0.03643666  1.492203  12.152928  0.398259  
286  0.03746400  2.418500  10.987426  0.391209  
238  0.04591156  1.080935  12.488327  0.286195  
100  0.03073168  2.679861  13.217109  0.429952  
202  0.01381713  1.925871  13.752709  0.646939  
378  0.00594232  2.277993  7.963042  0.700835  
290  0.04335441  1.400464  5.820948  0.319033  
349  0.02933647  1.323984  8.350932  0.442038  
313  0.04302991  2.816279  13.019349  0.336474  
395  0.04304337  2.158605  13.576312  0.334490  
112  0.04510254  2.500351  6.900998  0.296327  
133  0.01410575  2.018097  5.208441  0.636898  
152  0.01140953  1.455153  13.117313  0.683988  
315  0.04333497  2.182287  12.819147  0.323260  
386  0.01528413  1.277657  9.695883  0.619716  
185  0.04039351  2.298074  11.046937  0.372135  
190  0.01663747  2.707694  13.695334  0.616955  
109  0.04168703  2.556871  10.411237  0.354068  
168  0.04101410  2.023713  10.468001  0.360431  
285  0.00971523  2.426801  13.864101  0.686140  
183  0.04418287  1.756066  10.968200  0.312654  
138  0.04900107  1.940397  11.582537  0.266404  
175  0.00223820  2.099582  13.883023  0.747055  
389  0.03134181  1.369213  9.011658  0.422262  
134  0.04184704  2.223365  7.118900  0.350375  
167  0.02738347  2.731986  8.967711  0.461905  
224  0.04981457  2.647633  13.592792  0.255463  
256  0.04512497  1.226020  8.951842  0.289399  
301  0.01927537  1.237922  5.578021  0.598933  
265  0.01853514  1.599567  10.928526  0.608654  
348  0.01293634  2.400067  6.351970  0.650464  
340  0.00563427  2.935423  13.972442  0.713118  
266  0.02085900  2.002228  13.743858  0.576182  
113  0.02264751  2.559984  11.613971  0.550699  
293  0.04660244  1.648091  13.735618  0.283662  
225  0.04114420  1.057558  6.668142  0.356326  
221  0.04091690  1.427625  9.707785  0.647382  
299  0.03357744  2.921140  8.069857  0.405644  
312  0.00325358  2.433760  10.509812  0.720458  
361  0.02544093  2.454085  8.009125  0.478767  
279  0.02358364  1.398511  14.546495  0.550027  
306  0.02358663  1.400464  14.714042  0.521828  
