344  0.03526127  2.026154  13.734397  0.464011  
397  0.03406195  2.673513  7.799463  0.475867  
374  0.01630549  1.227363  6.739860  0.611476  
387  0.03843452  2.731986  10.484176  0.413244  
223  0.01039265  1.746605  11.642659  0.650693  
156  0.04493506  2.856990  7.344432  0.371479  
157  0.03133433  1.864223  10.285501  0.491356  
223  0.04908930  2.073214  8.978088  0.256180  
391  0.00194958  2.202795  6.373943  0.740432  
140  0.01198077  2.975829  7.137516  0.636608  
247  0.02714270  1.422193  13.061464  0.531838  
362  0.01484597  1.526444  6.890622  0.617916  
348  0.02368981  2.996277  9.614399  0.564875  
140  0.04370583  2.213599  7.380444  0.376347  
341  0.00516620  2.582080  7.009033  0.706099  
242  0.04914463  2.084872  11.066164  0.252579  
334  0.04622410  1.964629  5.208136  0.331637  
303  0.00229801  2.305094  14.144261  0.737259  
361  0.04576650  1.438185  6.695303  0.353626  
275  0.01584939  1.317576  9.476455  0.615337  
164  0.03303461  2.022004  7.809839  0.482658  
255  0.01929481  2.645314  8.990600  0.580668  
121  0.03383316  2.348369  7.811975  0.481513  
320  0.01528263  2.105258  6.437117  0.616634  
118  0.00376052  2.659047  11.628010  0.711562  
326  0.01830186  2.979736  14.862972  0.583186  
392  0.02492651  2.350078  12.185278  0.533364  
210  0.00979598  2.738823  7.373730  0.660367  
198  0.00992459  2.165624  8.332011  0.650952  
170  0.03485302  2.489792  6.056246  0.470023  
275  0.02236937  1.705710  10.844600  0.574717  
354  0.04814570  1.694174  13.452406  0.274171  
252  0.03073467  1.639363  8.182470  0.499062  
338  0.01188955  1.084964  5.085452  0.638211  
323  0.01818073  2.139073  11.726890  0.583537  
294  0.02447191  1.395337  11.385388  0.552011  
303  0.01714142  2.841121  13.444777  0.602489  
276  0.02792779  1.714682  14.257790  0.506127  
344  0.04829374  1.325816  13.568682  0.272706  
129  0.03916428  2.277871  8.725394  0.396809  
246  0.04279513  2.960631  8.150426  0.391453  
138  0.02841978  1.511917  14.765618  0.504189  
132  0.03690921  1.200629  12.551805  0.422185  
288  0.00335527  1.466018  9.961699  0.736038  
373  0.00604849  2.355449  13.270821  0.706023  
156  0.01736872  2.581896  11.111942  0.594508  
136  0.01344627  2.642567  13.268075  0.621746  
359  0.04439372  1.375622  13.725852  0.372288  
395  0.01768874  2.324381  11.359447  0.585414  
170  0.02468575  2.246864  13.680990  0.550439  
128  0.03596112  2.102451  10.559557  0.462394  
268  0.01099680  2.554857  6.427656  0.650601  
193  0.03652190  2.978759  9.734947  0.436483  
259  0.02237086  1.561480  7.262337  0.573771  
381  0.01244285  2.734245  13.804285  0.622250  
307  0.02744328  2.076266  12.628101  0.512993  
300  0.03449413  2.274209  6.255837  0.475486  
279  0.03600748  1.909757  8.350017  0.458075  
114  0.02792480  1.592059  10.200659  0.508095  
296  0.00351827  1.792077  7.459487  0.723632  
226  0.03749242  2.264565  6.760918  0.417150  
145  0.03662807  2.496017  9.017762  0.427801  
114  0.04575903  1.457045  8.624683  0.354053  
400  0.04954540  1.764794  11.415296  0.251038  
126  0.04948109  1.641194  8.227027  0.251053  
159  0.00646123  2.543931  10.194250  0.704100  
392  0.03202371  2.854854  10.609607  0.483283  
269  0.04624802  1.186529  12.809992  0.329287  
343  0.03913138  2.620167  6.716056  0.409322  
231  0.00861910  1.014161  12.141026  0.671751  
394  0.00842918  2.827509  10.021516  0.678388  
227  0.02474557  2.098972  8.230079  0.534158  
397  0.04560500  1.239021  14.168676  0.357639  
288  0.01722217  1.654805  14.952696  0.595805  
104  0.00463234  2.021577  7.987152  0.708541  
273  0.04746678  2.226539  6.286050  0.324084  
382  0.04364452  1.126896  13.106326  0.387989  
117  0.02402478  2.195410  6.888180  0.558313  
273  0.00339116  2.655202  14.638356  0.735305  
329  0.02022346  2.235633  14.976196  0.575907  
325  0.01661803  1.809290  13.308054  0.607021  
346  0.03104273  1.498978  13.346507  0.491508  
114  0.04542555  2.926572  14.234291  0.369266  
202  0.03729502  1.731712  7.975860  0.419103  
156  0.02470070  1.610553  9.521928  0.541803  
399  0.00424952  1.483230  14.298685  0.710173  
286  0.04843580  2.425947  5.227668  0.268021  
271  0.02372869  1.307566  10.168920  0.558359  
383  0.03080944  2.216895  14.272744  0.495354  
228  0.03483807  1.623432  12.991882  0.473609  
219  0.04614185  2.115085  11.833094  0.347781  
187  0.01169366  2.954649  7.723777  0.640774  
383  0.00648515  2.961608  14.832759  0.700789  
174  0.04809635  2.850215  13.732566  0.287782  
290  0.00978552  1.434278  8.661000  0.661130  
203  0.01114783  2.150060  13.038881  0.645688  
113  0.03136125  1.895474  8.411054  0.486259  
338  0.04142683  2.654408  11.565447  0.395177  
312  0.00698013  2.101779  14.982299  0.681135  
294  0.02759282  1.932279  9.858242  0.508187  
