241  0.00831852  2.696829  9.694967  0.623104  
101  0.04737107  2.045503  14.202246  0.274369  
299  0.04787802  2.519761  7.321238  0.253815  
171  0.02904486  2.905454  14.183020  0.381489  
265  0.01844542  2.089938  9.323252  0.512703  
300  0.01983465  1.180303  5.985748  0.500496  
192  0.03510724  1.198859  13.702048  0.299898  
313  0.03423991  2.548265  13.268380  0.321123  
338  0.02480837  2.278176  9.818567  0.429632  
170  0.01491925  1.066225  5.253304  0.539514  
296  0.00292459  1.260018  14.590136  0.745010  
255  0.00690088  1.285592  13.330638  0.650815  
159  0.01394723  1.629963  9.859462  0.539743  
275  0.00882098  2.724174  10.095370  0.609127  
283  0.02917496  2.305094  13.950774  0.347446  
132  0.02299594  1.305185  14.216895  0.496574  
374  0.02783508  2.115757  8.233131  0.403829  
143  0.03494424  1.248604  11.324046  0.300417  
229  0.02720402  2.093905  13.146001  0.413381  
152  0.00789682  1.437147  13.087100  0.623501  
157  0.00732408  2.729362  8.769036  0.631329  
275  0.03964730  2.720328  10.038606  0.291459  
327  0.01292886  2.092257  13.962676  0.549173  
287  0.04008545  1.217353  14.722282  0.288545  
371  0.03915531  1.490921  6.539659  0.298952  
295  0.01105063  1.684774  6.693167  0.568918  
113  0.02594189  1.383312  6.192663  0.420721  
291  0.00376949  2.672414  5.993988  0.693449  
347  0.00358556  2.844844  13.146916  0.700072  
147  0.03327985  1.760216  13.232978  0.329089  
321  0.03691070  2.254921  10.076449  0.299471  
138  0.01911686  2.890255  8.555406  0.511940  
188  0.04516684  2.264260  13.899197  0.284669  
317  0.04105896  2.936155  14.856563  0.287873  
126  0.00209314  1.774682  8.918882  0.745300  
206  0.01619633  1.438612  8.818171  0.520302  
234  0.03067186  2.875668  14.698477  0.332232  
158  0.00507947  2.126926  12.971740  0.676511  
125  0.00523200  2.666616  12.198096  0.659589  
385  0.02834501  1.693136  9.277474  0.394063  
300  0.00476095  1.914884  11.445814  0.682264  
209  0.02901794  2.540757  5.905484  0.382298  
200  0.01058406  1.800256  14.472030  0.595424  
162  0.01208994  2.138462  10.245827  0.564173  
214  0.00335527  1.827967  9.778283  0.707396  
102  0.01063491  2.428022  8.929868  0.587962  
198  0.04941380  1.606281  10.399335  0.251328  
347  0.03426981  2.704581  6.061434  0.317339  
374  0.01029545  1.829188  7.952361  0.605907  
308  0.01385302  2.771233  10.164647  0.544519  
