371  0.01442128  1.557085  9.835658  0.614071  
382  0.04714676  1.248238  9.088260  0.268067  
350  0.00250737  1.577471  13.656575  0.739547  
306  0.04567080  1.438856  6.713919  0.274613  
185  0.01221256  1.379589  7.517167  0.615520  
190  0.00451869  1.671407  7.596820  0.705168  
127  0.02952788  1.508805  8.917966  0.420919  
306  0.02775732  1.708213  13.351085  0.439642  
214  0.02067507  1.009827  11.680807  0.551431  
344  0.02539158  2.852229  10.807978  0.479759  
240  0.02453023  2.899472  12.024140  0.486885  
358  0.03044905  1.378735  6.670278  0.398946  
121  0.04242427  1.011353  5.614948  0.341205  
123  0.01166076  1.042421  6.355632  0.633740  
363  0.03441337  2.867000  8.303629  0.377094  
182  0.03629908  2.521409  11.589862  0.368503  
113  0.04180966  2.648732  11.863308  0.359287  
279  0.00815552  1.195196  8.307901  0.650571  
261  0.02322773  1.314096  11.702170  0.488334  
235  0.00694723  2.095553  14.778436  0.691420  
315  0.03895642  2.622669  7.435682  0.363590  
318  0.02092779  2.465133  5.912503  0.532235  
127  0.03191754  1.619282  10.669424  0.393925  
377  0.00427494  2.365215  9.662923  0.716247  
390  0.02932600  1.169561  8.577990  0.434103  
163  0.04196817  2.431379  11.503800  0.342547  
392  0.00815552  1.721641  8.134556  0.646558  
237  0.01647896  1.444411  9.500565  0.605770  
149  0.01210489  2.835688  5.401929  0.626705  
278  0.04302243  1.105472  11.630146  0.316149  
306  0.04284597  1.413526  8.369549  0.340716  
244  0.04802606  1.533403  5.079043  0.265793  
203  0.04317347  2.240272  11.690268  0.315950  
194  0.01963726  2.787347  10.471664  0.563272  
132  0.01027003  2.652211  8.563952  0.639721  
326  0.02784704  1.409558  8.611560  0.435186  
392  0.00796411  2.139195  10.190893  0.690229  
309  0.04412604  2.830866  9.599139  0.294618  
260  0.03446571  2.703421  7.919095  0.372074  
337  0.04571267  2.734001  10.381939  0.268906  
150  0.00998141  2.102023  8.712882  0.646558  
313  0.01656270  1.382519  13.147221  0.590037  
276  0.04382696  2.930113  12.070528  0.313768  
133  0.03017090  2.737297  9.707785  0.406484  
343  0.04124290  1.114872  7.333445  0.360401  
305  0.00351677  1.155278  12.459334  0.728225  
291  0.03247233  1.037416  5.659200  0.391392  
335  0.01496561  2.847041  6.783502  0.609066  
241  0.02645930  2.421369  12.033601  0.456030  
352  0.02064516  1.299631  9.267403  0.557810  
