379  0.02542299  1.587970  10.858943  0.579218  
209  0.00934587  1.818567  6.962951  0.660123  
249  0.03420551  1.914274  5.067751  0.519326  
364  0.00180453  2.435102  11.469924  0.724975  
105  0.04309720  2.598376  14.670705  0.427664  
312  0.03115638  2.932676  14.047212  0.530892  
170  0.03188464  2.391156  7.390515  0.524148  
222  0.03585345  2.904599  10.568712  0.488701  
313  0.04216556  1.030824  12.801447  0.436300  
311  0.00412989  1.821986  14.137547  0.705336  
321  0.00674087  2.984741  13.439589  0.685652  
247  0.04579192  1.313608  14.830317  0.357089  
154  0.03031745  2.991943  12.937559  0.553797  
243  0.02928712  2.488693  6.619007  0.565317  
372  0.02574001  2.082492  13.599506  0.576395  
139  0.02038646  1.417249  7.230598  0.627621  
204  0.03793506  1.450026  5.222785  0.482322  
121  0.04584127  2.076510  13.835414  0.340350  
233  0.02755245  1.046388  14.653005  0.570566  
374  0.02196261  2.417158  12.249367  0.618328  
176  0.04621961  1.285958  12.760857  0.339831  
141  0.02851549  1.958464  6.013520  0.570276  
263  0.04646635  1.046327  13.529923  0.330081  
290  0.00248195  2.731437  10.571764  0.723724  
261  0.04481692  2.487228  9.942473  0.423238  
311  0.03069579  1.704306  13.012940  0.549692  
311  0.02447191  2.318888  14.674368  0.586329  
155  0.02360308  2.299722  5.766320  0.608623  
310  0.02445546  1.299631  11.424451  0.586558  
242  0.04429652  1.488723  9.443495  0.425527  
276  0.00933689  2.164892  6.331828  0.661359  
233  0.03084384  1.485366  11.994842  0.547021  
188  0.02862764  2.148717  9.561296  0.565500  
339  0.01476672  1.503677  14.735710  0.643338  
202  0.04190985  2.997375  6.081576  0.441885  
260  0.02253087  1.638752  6.821650  0.610118  
310  0.02085452  2.142430  13.107852  0.623913  
317  0.03114740  1.937407  14.704276  0.546869  
173  0.04047276  2.753105  10.912961  0.461295  
134  0.00868041  1.382092  8.182165  0.677396  
294  0.03457039  2.969359  5.002441  0.503700  
184  0.04956035  2.081698  6.186560  0.269089  
142  0.01440782  2.979614  12.168493  0.650067  
127  0.01246080  1.680441  9.575945  0.651929  
140  0.01913480  2.003021  12.049165  0.640820  
227  0.00305319  2.131382  11.305734  0.722747  
256  0.03295386  2.910520  10.663625  0.522393  
245  0.04839991  1.759545  12.541429  0.304765  
374  0.04503226  1.426527  14.299600  0.407659  
321  0.04822495  2.236976  12.924436  0.305696  
