303  0.03634245  2.842097  12.292398  0.454062  
308  0.03599551  2.934690  10.481429  0.483085  
156  0.03675967  1.188543  6.961425  0.447073  
219  0.03747896  2.374371  7.856227  0.425192  
357  0.04209079  1.122501  9.434950  0.320116  
117  0.02388870  2.410993  12.899106  0.600047  
296  0.03947981  2.604480  12.635426  0.420171  
231  0.02538710  1.592792  9.390393  0.574488  
331  0.04973681  2.067171  8.479110  0.265122  
349  0.04623756  2.120518  14.102145  0.317553  
281  0.04090493  2.413800  6.695608  0.326144  
350  0.01601090  2.204749  5.695517  0.677015  
223  0.04979214  1.112125  8.765069  0.263215  
254  0.03546016  2.655385  5.448012  0.506020  
157  0.01150673  2.108005  13.631855  0.686460  
245  0.02460649  1.479507  5.666829  0.592204  
268  0.02819996  2.518967  13.272652  0.549890  
311  0.04402435  1.361827  5.183416  0.319857  
260  0.01755416  2.339824  7.154607  0.648114  
258  0.03263533  2.403302  8.775445  0.512001  
377  0.02907178  1.941557  6.354717  0.537561  
195  0.02338774  2.657460  14.942930  0.609157  
345  0.04099167  1.226875  11.888638  0.322634  
137  0.02745524  2.067782  10.484481  0.569422  
169  0.01999615  1.170293  8.838008  0.641797  
226  0.04979962  1.632160  6.973327  0.256333  
111  0.04673254  2.363384  9.456923  0.308061  
161  0.04862722  1.250923  9.795068  0.280641  
184  0.01467998  1.363414  5.795312  0.686460  
247  0.04908780  2.998474  11.142460  0.271393  
271  0.02937086  1.349742  6.772515  0.527474  
142  0.04022452  1.750938  10.481124  0.392277  
195  0.00123478  2.079440  7.311167  0.748627  
198  0.00809272  2.450301  5.792261  0.703887  
155  0.04084213  2.655934  9.351329  0.374393  
105  0.01906601  1.036805  12.582324  0.643170  
284  0.03285516  2.422895  7.544023  0.508995  
245  0.01891946  2.496017  11.508072  0.645947  
303  0.02906879  1.628010  7.455519  0.542947  
215  0.01526170  2.778253  5.708335  0.685987  
308  0.02919141  1.616047  12.403180  0.532754  
225  0.01663747  1.825343  11.853542  0.672498  
339  0.02814014  1.452589  7.881558  0.549982  
140  0.04999252  2.815973  10.727409  0.250687  
132  0.03720231  1.308664  11.151616  0.430929  
155  0.02661333  2.274758  10.147557  0.570994  
276  0.04001666  1.890286  9.205451  0.399266  
235  0.04792438  1.137211  11.390271  0.287812  
139  0.00974065  2.938475  12.248451  0.700896  
380  0.04710788  2.452498  6.333048  0.289857  
