346  0.00133647  1.591388  13.298593  0.727859  
236  0.04716620  1.416761  12.464827  0.258881  
208  0.04669665  2.455000  8.738212  0.267777  
111  0.04031574  2.086459  13.010804  0.319781  
301  0.00832002  2.806146  10.923338  0.650159  
236  0.01616193  2.687002  5.930204  0.549692  
253  0.00992758  1.719565  13.508560  0.630032  
110  0.03948280  2.157628  14.691153  0.331408  
189  0.01731938  2.301981  14.226051  0.544015  
240  0.03246336  2.699576  11.806848  0.379749  
230  0.04481393  2.893002  9.719687  0.280061  
191  0.01227088  2.880428  9.335154  0.580973  
247  0.02704550  1.300241  13.933988  0.417013  
381  0.03472442  1.540727  5.170293  0.362690  
299  0.03766140  1.124088  6.723685  0.345721  
285  0.02703204  2.593493  6.240883  0.427694  
399  0.00899445  2.245094  14.074068  0.632153  
166  0.04990130  1.063601  5.926237  0.254364  
242  0.03178594  1.852199  6.785028  0.401143  
234  0.01911985  1.623676  9.340648  0.526131  
327  0.00412241  1.216620  12.023530  0.667066  
372  0.00898996  2.698538  12.897275  0.642010  
344  0.02352681  2.034455  12.913755  0.429708  
180  0.04693591  2.184240  9.970244  0.264252  
291  0.04426661  1.801416  6.702933  0.298875  
224  0.00427494  1.205512  8.789483  0.666837  
101  0.03397671  1.612262  13.123112  0.363849  
287  0.04082418  2.371563  8.174841  0.307207  
358  0.02238731  1.232307  12.730338  0.447012  
100  0.00343004  2.930357  7.601703  0.689833  
303  0.00472655  2.527818  11.429334  0.663434  
193  0.03251122  1.321177  6.611072  0.372700  
328  0.00312796  2.610584  13.338572  0.709456  
288  0.02043580  2.126804  11.037782  0.491829  
336  0.02138539  1.604450  10.897397  0.460639  
197  0.01521534  1.587664  6.109348  0.559626  
115  0.01974044  2.021943  9.882351  0.494743  
330  0.00368276  1.908597  5.485244  0.677198  
145  0.02115659  2.602466  9.054079  0.472144  
105  0.03009015  1.808069  6.959899  0.401204  
166  0.04489468  2.360393  10.733512  0.275117  
299  0.04917902  1.391614  6.122471  0.255432  
214  0.02727879  1.763207  10.974303  0.411916  
133  0.02117753  1.714499  14.983825  0.463630  
174  0.01442875  2.671194  7.387158  0.575159  
121  0.00326554  1.591205  9.718467  0.705824  
299  0.01757958  2.154332  10.356304  0.526528  
374  0.00549519  2.556139  6.448714  0.655103  
185  0.00353771  2.825800  10.584582  0.686323  
107  0.04276073  1.634785  12.686087  0.303774  
