177  0.02894168  1.127689  13.899197  0.388798  
255  0.00244307  2.993713  10.901669  0.710982  
233  0.04246016  2.341472  14.270913  0.268296  
292  0.02290472  1.854274  5.949126  0.456290  
135  0.04595941  2.203711  9.290597  0.253922  
167  0.02416236  1.529679  5.964690  0.421468  
215  0.01417005  1.157903  10.194250  0.510079  
254  0.01405341  1.319407  13.194830  0.537835  
274  0.03055971  1.693381  12.123325  0.378727  
111  0.01202115  1.535905  13.175909  0.623333  
336  0.00313395  1.183477  10.966369  0.695448  
315  0.01349263  2.374981  14.059420  0.557581  
243  0.03288806  1.371593  12.048250  0.350101  
230  0.02087097  1.941313  8.920103  0.457846  
242  0.01863384  2.423261  14.386578  0.466086  
384  0.02830613  1.744835  8.823664  0.405736  
281  0.00521705  1.513504  13.479263  0.682157  
178  0.04624204  1.641987  9.524064  0.251175  
167  0.04970840  2.501694  6.853694  0.251083  
352  0.03467507  2.764275  6.173132  0.335131  
391  0.04316749  1.606525  11.160466  0.267380  
396  0.04111130  2.697256  14.573656  0.273331  
105  0.01223051  1.392529  8.669851  0.594935  
102  0.02954283  2.304361  10.586413  0.383076  
306  0.03903418  1.050905  5.908841  0.335101  
137  0.00743773  2.372478  7.513810  0.660825  
348  0.00617411  2.168004  9.049196  0.668638  
331  0.02304379  2.949767  10.915708  0.443106  
381  0.01048387  1.160894  10.848262  0.639309  
127  0.02307520  1.092532  7.600177  0.435781  
283  0.00256420  1.580035  13.651387  0.710082  
165  0.04058193  1.993072  6.720634  0.316378  
380  0.04041295  2.779290  13.439283  0.316927  
187  0.04024995  2.368206  12.257302  0.334490  
311  0.01517945  1.286142  12.441939  0.504845  
252  0.03198932  1.808435  13.919950  0.368366  
178  0.01323841  2.817682  13.626057  0.569254  
303  0.00226212  1.756676  13.911405  0.713149  
160  0.02351485  1.532365  10.701163  0.434378  
112  0.00167443  1.165777  6.319010  0.733657  
244  0.04342170  2.034944  13.408460  0.259049  
295  0.01654027  2.920896  10.357524  0.481071  
266  0.01604978  2.105564  10.986511  0.491661  
239  0.01213779  2.049837  14.584033  0.597209  
242  0.01747938  1.366771  8.150731  0.467887  
236  0.00372762  1.848354  12.725455  0.684645  
391  0.00833796  2.367779  8.867000  0.641278  
127  0.03178893  1.544694  9.213080  0.370548  
209  0.02729524  1.118168  14.943846  0.416311  
389  0.03095450  1.292917  10.103610  0.377430  
