354  0.01296176  1.185369  10.239113  0.603084  
321  0.01444969  1.348277  9.080630  0.570429  
235  0.01797436  2.331950  8.325907  0.567118  
127  0.01393826  2.501450  14.887997  0.593425  
344  0.01188507  2.564989  13.037049  0.616619  
250  0.03448515  2.477157  12.105625  0.376942  
119  0.03606729  2.645192  8.686636  0.340060  
277  0.04509207  2.288186  7.914518  0.269471  
285  0.00621747  1.808863  11.148869  0.718734  
262  0.03191455  1.726157  9.613788  0.408879  
323  0.03839863  1.946989  13.651082  0.336077  
267  0.03226148  2.519761  7.441481  0.377750  
235  0.04695236  2.002533  13.354747  0.257324  
211  0.02045375  1.443678  10.953246  0.552042  
291  0.01031938  2.149205  7.770775  0.625515  
218  0.00330143  2.071993  11.037782  0.736068  
369  0.02766311  1.646931  5.094302  0.474830  
312  0.01888656  1.186468  9.926298  0.562815  
263  0.03964879  2.382611  10.824763  0.322176  
262  0.00607990  2.322733  14.447920  0.720748  
150  0.02475155  1.247505  5.882290  0.495689  
216  0.01964623  2.815607  9.600055  0.561304  
247  0.01706815  1.932279  10.047456  0.568552  
318  0.02812519  2.241615  6.490219  0.454413  
327  0.03521491  1.672811  10.175939  0.358463  
216  0.03904764  1.595904  7.058779  0.328463  
178  0.03029203  2.222755  6.594897  0.415410  
110  0.04153450  2.140538  14.055147  0.298189  
155  0.04451186  2.095004  14.516587  0.285066  
258  0.02405020  2.862911  14.660024  0.504112  
331  0.04475860  2.166967  11.562090  0.276154  
271  0.00932493  2.146397  6.257668  0.680113  
397  0.00952681  2.325480  8.751335  0.655393  
340  0.00297992  2.817377  9.356517  0.741394  
316  0.03612860  2.191198  11.862087  0.337222  
103  0.00787289  2.459395  11.821192  0.687712  
290  0.00319526  1.356700  14.150060  0.738617  
379  0.01008759  1.012146  6.648610  0.644620  
215  0.04939885  1.247627  11.282235  0.256119  
336  0.00757979  1.458388  8.737297  0.713271  
225  0.00777868  2.924314  6.227454  0.709548  
149  0.02438218  1.092837  10.727103  0.501152  
103  0.02687652  2.128330  7.028871  0.495216  
173  0.00545930  2.717032  10.281838  0.735595  
154  0.04435932  1.900418  5.087588  0.288362  
352  0.04062529  1.354198  7.368236  0.311235  
296  0.00681564  1.392163  7.072207  0.717849  
247  0.00277206  2.992309  6.434065  0.746490  
339  0.02757338  2.332560  11.097903  0.491356  
318  0.02289276  1.676412  11.149174  0.514260  
