380  0.04500235  1.217475  8.603931  0.319353  
177  0.03137022  2.247902  14.773247  0.536279  
178  0.03310489  2.938719  8.709220  0.453040  
318  0.00562679  2.402020  13.538469  0.695631  
270  0.02003504  1.493423  12.921690  0.587382  
268  0.01591968  1.775964  9.906461  0.602367  
218  0.02398291  2.872127  6.232337  0.578532  
375  0.04355480  1.716941  13.430128  0.328143  
126  0.04664730  1.461501  7.050844  0.299287  
215  0.01863982  1.478408  5.498978  0.590938  
382  0.01719974  1.568377  14.384747  0.593608  
250  0.03041914  1.098331  6.680044  0.537912  
307  0.04077184  1.220954  7.419507  0.374119  
180  0.01672720  2.370891  7.960295  0.598567  
140  0.03070626  1.486892  11.416517  0.536691  
295  0.01889105  1.390759  6.211890  0.590495  
271  0.04270391  2.409528  5.892056  0.341617  
387  0.00412091  1.372387  5.854213  0.713912  
222  0.00828413  1.559221  7.636494  0.687513  
357  0.03258898  1.073916  9.247871  0.501198  
304  0.03808011  2.372539  13.483535  0.377186  
107  0.00875668  2.442061  14.095737  0.685820  
229  0.04235249  2.157323  7.139348  0.364185  
315  0.00261504  1.284677  13.232978  0.732513  
194  0.00100449  1.133122  12.058931  0.737838  
288  0.03297778  1.126286  6.992859  0.494835  
125  0.01422538  1.393200  9.556108  0.624737  
327  0.04449989  1.154912  7.013306  0.327929  
227  0.02608695  1.475478  9.334544  0.556421  
181  0.04723798  2.578722  9.201483  0.292940  
276  0.04985345  1.564104  9.634236  0.260651  
197  0.04196667  2.028718  8.830988  0.374119  
114  0.04864068  1.453566  7.493667  0.285981  
342  0.04479150  2.114719  8.650014  0.323168  
210  0.02858876  1.553545  7.465285  0.541787  
105  0.02743580  2.120884  7.696921  0.547159  
344  0.04888742  1.638691  10.724967  0.267243  
242  0.04248109  2.364422  10.500961  0.362156  
360  0.03299423  2.002777  7.166204  0.461478  
329  0.03165584  2.178991  9.705344  0.524941  
360  0.04339329  2.417585  12.001862  0.336352  
171  0.03530912  2.085238  6.210364  0.392155  
394  0.02623649  1.063723  6.832636  0.551859  
109  0.01037620  1.712485  5.852382  0.628582  
144  0.02453771  1.653645  14.412824  0.569590  
175  0.03493976  2.697378  6.746574  0.418432  
146  0.00808075  1.547075  7.572710  0.692213  
158  0.03946486  2.350200  12.921690  0.376728  
235  0.03331275  2.024384  7.352062  0.431936  
302  0.00379342  1.604205  14.031037  0.731521  
