394  0.01404743  1.276498  14.436323  0.598231  
289  0.01438539  1.889492  13.997467  0.579463  
140  0.03619141  2.346477  12.890561  0.361133  
292  0.01087866  2.360881  9.665670  0.609066  
178  0.03272057  1.463515  7.050844  0.409291  
262  0.02543495  1.599017  10.170751  0.471458  
368  0.03640226  2.202185  12.629627  0.350909  
311  0.02902692  2.752068  5.008545  0.452002  
207  0.03877248  2.913266  12.777947  0.334796  
112  0.00763512  2.338420  9.998016  0.686323  
264  0.04134458  2.179052  10.360881  0.304720  
237  0.04268148  2.843562  11.656392  0.269761  
355  0.02072741  2.875423  10.198218  0.512856  
264  0.03271310  2.056429  8.277078  0.410115  
147  0.02244115  1.034730  10.836055  0.498726  
309  0.03290899  2.068148  6.402936  0.398091  
183  0.00499124  2.352458  5.746788  0.700667  
398  0.03804572  2.230506  10.701468  0.339984  
248  0.02822388  2.101047  9.963530  0.457236  
347  0.01876693  1.409558  9.731590  0.547723  
399  0.00417026  2.676626  11.300546  0.727203  
375  0.01700085  1.810572  5.956145  0.565546  
147  0.04791540  2.237892  6.742607  0.257508  
357  0.01570583  1.746544  11.904813  0.572245  
383  0.03823115  1.169439  5.535600  0.335192  
379  0.00455757  2.229163  11.817835  0.724166  
194  0.03128648  1.651082  12.250893  0.413915  
330  0.04115018  2.419233  5.714743  0.307375  
203  0.00951933  2.695975  6.871090  0.632122  
285  0.04964110  2.039949  6.821039  0.252670  
238  0.00509293  1.885952  5.990631  0.692137  
229  0.02791134  1.081118  9.957121  0.466727  
127  0.02117154  2.925169  10.801874  0.503212  
213  0.04703012  2.748405  14.053926  0.263138  
125  0.00584661  2.308573  14.915769  0.687056  
102  0.02060927  2.898862  12.686697  0.517602  
378  0.03794253  2.111057  9.441359  0.340182  
182  0.01231724  2.395734  8.642689  0.598262  
291  0.01421641  2.388653  5.442824  0.592723  
101  0.02572954  2.161046  8.325602  0.471366  
127  0.01799979  1.204901  6.083407  0.557779  
217  0.03575027  2.459944  5.495010  0.374363  
333  0.00283486  2.095004  13.766747  0.734054  
342  0.03749391  2.361431  7.678304  0.346408  
273  0.00270327  1.112491  12.596973  0.734466  
316  0.00840226  2.634938  8.855098  0.642804  
159  0.03780944  1.717368  14.786065  0.345447  
389  0.00219483  1.815760  14.919431  0.737182  
307  0.01888806  2.908078  12.462691  0.538385  
152  0.02258769  1.051637  10.239723  0.495994  
