108  0.00667357  1.425855  14.956664  0.699843  
398  0.04714676  2.876949  10.617847  0.294420  
398  0.01571032  1.817896  7.269662  0.593303  
294  0.02089340  2.502976  6.315348  0.512078  
154  0.04012732  1.881863  9.381848  0.350070  
113  0.00190771  1.810572  14.859615  0.736007  
215  0.03357744  2.786493  9.480117  0.446036  
336  0.03676116  2.234901  13.279977  0.405034  
257  0.02427900  2.211829  8.456221  0.481880  
125  0.00795065  1.392407  9.525895  0.665998  
219  0.04316749  2.435957  9.275033  0.300829  
215  0.04201154  1.866726  9.309824  0.334658  
209  0.00572100  2.656789  14.368877  0.728607  
111  0.01939799  1.291940  13.801233  0.525903  
218  0.04411707  1.234016  8.298135  0.299791  
101  0.00922922  1.002625  11.636250  0.642651  
109  0.03319462  2.210547  12.784051  0.450018  
258  0.04001816  2.302530  11.959441  0.356281  
354  0.00835890  2.680410  8.101596  0.652005  
348  0.03739970  1.097171  9.813074  0.390736  
129  0.01312626  2.558214  10.012970  0.607738  
278  0.02611237  1.482742  7.503128  0.478370  
186  0.01269558  1.325510  6.116062  0.632778  
184  0.02171587  1.137089  11.739097  0.491874  
109  0.03384063  2.628285  10.980407  0.432196  
131  0.02647127  2.269631  12.709281  0.476585  
150  0.04756847  2.434187  6.949828  0.251404  
237  0.03895791  1.702231  13.995331  0.378636  
326  0.02068404  1.070193  8.310648  0.513039  
154  0.02802799  2.627552  7.648701  0.471046  
163  0.04263063  1.105594  11.834010  0.304643  
357  0.04734864  2.967711  13.062075  0.285295  
397  0.00989767  2.971129  7.834864  0.634106  
223  0.02939030  1.294259  7.742698  0.457358  
245  0.03710062  1.663533  14.022492  0.404500  
252  0.02329801  1.209662  8.979003  0.484718  
343  0.00147554  2.121616  10.839412  0.738952  
137  0.00689190  1.187872  13.915067  0.695601  
327  0.00644926  1.128056  12.965026  0.700133  
390  0.01593313  1.378552  8.005158  0.570521  
181  0.04180966  1.146855  8.363445  0.346469  
250  0.00134245  2.035554  14.402753  0.746506  
223  0.00845161  1.582049  5.060427  0.650082  
174  0.01683187  2.299783  5.849025  0.561075  
271  0.03539735  2.812067  7.859890  0.415334  
348  0.03908652  1.287851  12.293924  0.368152  
235  0.01312626  1.244697  13.802759  0.446036  
160  0.00784896  2.066866  8.026826  0.670499  
289  0.03440590  2.816584  7.533647  0.431738  
291  0.01757808  1.381054  7.847682  0.549295  
