355  0.03059709  1.064577  7.136296  0.490959  
217  0.03546913  2.188208  8.909421  0.425375  
242  0.01534394  1.389172  8.666189  0.563593  
120  0.00410746  2.409040  9.662618  0.727920  
359  0.04842085  2.644642  14.831538  0.295824  
393  0.03756120  2.050142  6.027253  0.417867  
210  0.03866482  1.996002  11.242866  0.403005  
149  0.04881713  2.267861  13.753319  0.254685  
226  0.04938987  2.311563  13.689840  0.252853  
292  0.00595578  2.258950  11.189764  0.698103  
120  0.04553322  2.474776  13.189947  0.329165  
234  0.00969131  1.336009  14.603565  0.670759  
206  0.01335206  1.142888  13.394116  0.629650  
137  0.01476971  2.424360  14.981689  0.574808  
134  0.04058791  2.907102  8.542894  0.381703  
255  0.00967635  1.751976  7.251350  0.671186  
249  0.02709934  1.762780  10.818049  0.524636  
199  0.01183123  1.946867  6.204871  0.665723  
276  0.01293634  1.541459  14.848933  0.645062  
387  0.01454540  2.351726  14.474166  0.581568  
227  0.01380218  1.720176  5.602435  0.586207  
286  0.03018436  1.371593  12.821894  0.499733  
159  0.00120038  1.079714  5.119022  0.740555  
205  0.03373147  1.329356  8.130589  0.442358  
368  0.03908502  2.261696  14.815668  0.396870  
169  0.03100684  2.870846  5.962859  0.479453  
147  0.04685815  2.639271  14.650258  0.309877  
300  0.02071245  1.682638  8.729057  0.526299  
316  0.01922901  2.311258  9.504837  0.526742  
232  0.03490985  1.418043  13.569597  0.433187  
306  0.04969195  1.703269  8.014313  0.250458  
339  0.04417689  1.506058  12.278359  0.348254  
152  0.03355950  2.469344  10.961486  0.468696  
233  0.04697479  1.216132  5.220649  0.305101  
289  0.00461290  1.372204  6.542405  0.699095  
264  0.00255373  2.194311  8.487960  0.732147  
288  0.01752275  2.844356  9.497513  0.530450  
254  0.04046977  2.941710  14.720145  0.381993  
106  0.04565136  1.228034  11.606647  0.321612  
350  0.04113672  2.618274  9.377270  0.374760  
265  0.03851677  1.528397  13.560442  0.409185  
233  0.04363704  2.367901  11.994232  0.358234  
112  0.04135804  1.124699  14.016083  0.373936  
219  0.01337748  2.336222  12.358013  0.590678  
259  0.02897458  1.530229  11.989349  0.501427  
350  0.00645076  1.929960  10.874203  0.684843  
185  0.02946507  2.216773  14.837031  0.500343  
338  0.02759282  1.902738  6.850948  0.522698  
241  0.03175753  2.977477  7.229987  0.474113  
171  0.03077056  1.793115  14.314859  0.490699  
