106  0.02069002  2.729911  11.186407  0.469047  
393  0.02553514  2.200293  14.830012  0.457221  
246  0.03428626  2.728446  10.681021  0.352954  
255  0.02421470  2.478317  13.925138  0.462058  
122  0.02630229  1.235054  12.771844  0.425695  
381  0.03887716  1.907682  5.763268  0.311953  
126  0.01368554  2.840327  6.743522  0.529366  
154  0.03863491  2.642872  8.070162  0.318422  
322  0.02954134  2.672597  11.060671  0.365177  
103  0.01632792  1.398328  13.182623  0.519295  
195  0.01614100  1.788659  8.177282  0.528909  
256  0.04385089  2.432783  6.921445  0.301653  
314  0.00215744  2.322855  14.526658  0.698927  
144  0.00250737  1.635395  11.239509  0.698210  
368  0.04863320  2.016877  13.860439  0.260437  
396  0.00147105  2.170934  6.305582  0.744369  
384  0.03475732  1.928007  9.482559  0.344821  
381  0.00415979  1.422987  8.423566  0.655759  
383  0.04292074  2.819147  5.305795  0.308687  
131  0.03104721  2.169164  12.292093  0.364978  
324  0.00783102  2.224403  8.346965  0.586100  
186  0.04234202  2.265847  5.919523  0.310762  
339  0.01796838  2.702200  7.472915  0.506172  
233  0.02703504  2.878964  10.183264  0.383442  
137  0.01319056  1.588092  6.206091  0.550546  
274  0.03741465  1.701437  8.872799  0.338321  
208  0.00434373  2.893246  12.411115  0.639691  
152  0.02811173  2.921018  5.321970  0.377705  
327  0.04508908  2.106540  5.990631  0.293474  
279  0.02450929  2.167638  14.627064  0.457373  
333  0.02613330  1.803247  8.546861  0.434133  
294  0.03569643  2.556200  12.277444  0.341693  
258  0.00381436  1.388440  7.579119  0.660245  
382  0.04559453  1.467605  6.998047  0.271134  
263  0.01940547  1.261361  13.432264  0.498833  
140  0.01211386  1.160344  13.970611  0.556192  
392  0.00104636  1.424268  11.139103  0.747085  
193  0.01983316  1.895169  10.646840  0.475257  
301  0.03176501  2.329936  12.755364  0.364353  
153  0.02930207  2.265664  7.307199  0.368900  
281  0.04972485  2.810236  10.018464  0.259476  
200  0.01636830  2.082675  14.608753  0.514763  
139  0.04301047  1.514969  13.442030  0.308321  
293  0.02446294  2.730644  6.875057  0.459265  
247  0.00974514  1.647664  13.500931  0.568903  
196  0.00619056  2.633961  9.048280  0.637997  
151  0.04543004  1.183721  13.643757  0.284013  
386  0.01556676  1.601825  13.269601  0.529077  
398  0.04826084  1.431349  14.737236  0.270753  
291  0.00725678  1.605182  14.300516  0.622188  
