307  0.01001880  2.538499  7.954497  0.697493  
380  0.02866054  1.337657  8.502304  0.488533  
296  0.02837193  2.401166  12.317118  0.492485  
305  0.00377398  1.987945  13.620869  0.706969  
131  0.04181115  1.446486  9.682760  0.311708  
399  0.01492523  2.817560  10.058138  0.641919  
329  0.01305298  1.914762  9.441053  0.652005  
295  0.00210062  2.174108  13.237556  0.743744  
353  0.04336787  2.238624  5.737938  0.301012  
387  0.01591968  2.652699  12.962279  0.629330  
272  0.02022944  2.100070  12.907956  0.576304  
392  0.01658663  2.595813  7.670980  0.608028  
150  0.04728733  1.259835  10.888546  0.269089  
252  0.01009656  2.611560  8.739433  0.673933  
235  0.03343089  1.412549  14.306619  0.454917  
322  0.02201495  2.791009  12.099521  0.534951  
124  0.01520487  2.810602  11.592914  0.629406  
306  0.03519996  1.655416  14.226051  0.382069  
192  0.02212860  1.919340  12.694632  0.522759  
315  0.01978231  1.616901  13.239387  0.603633  
208  0.01116727  2.166662  6.938231  0.654828  
398  0.03344884  2.145543  9.711142  0.437704  
152  0.03458235  2.180883  7.619098  0.406011  
195  0.04888891  1.154668  12.026276  0.250656  
169  0.03668938  2.026521  8.193457  0.351352  
159  0.02718308  1.585650  14.049654  0.503838  
120  0.00518863  1.090274  7.778710  0.701231  
290  0.03814740  2.055330  14.677114  0.332522  
264  0.03128498  2.695608  12.285379  0.472449  
326  0.02012925  1.962065  5.811487  0.583232  
175  0.03739821  1.481887  13.143254  0.337878  
286  0.03404401  2.889584  13.691061  0.410710  
391  0.02776031  1.322031  9.515213  0.498390  
393  0.02393506  1.743858  14.527573  0.520608  
287  0.03667891  1.321909  13.345286  0.357807  
360  0.04012433  1.063967  5.356151  0.321352  
386  0.03502499  2.495712  10.826899  0.385823  
351  0.04614634  2.605823  11.096072  0.289537  
200  0.04263063  1.293771  10.150609  0.307726  
129  0.00233390  1.866359  5.321970  0.714660  
107  0.02972378  1.522599  14.934996  0.482124  
288  0.04726041  1.936552  11.412549  0.278962  
186  0.03671929  2.590197  6.826228  0.339511  
350  0.00921577  1.202094  8.800775  0.701155  
160  0.02146464  2.687979  10.631581  0.535028  
188  0.04603717  1.194098  12.282632  0.298280  
319  0.03567998  1.724876  12.212439  0.380924  
195  0.01635334  2.585009  6.959899  0.618084  
100  0.03392737  1.819910  14.581591  0.410955  
305  0.03769280  1.171819  13.685873  0.334231  
