257  0.03114591  2.176733  12.316202  0.394627  
157  0.04599979  1.943510  6.069674  0.300432  
379  0.01562059  1.466689  9.915616  0.562876  
266  0.00217090  2.236976  6.446272  0.749924  
194  0.04649776  1.677633  7.236091  0.294511  
397  0.02425956  2.807245  10.966063  0.481101  
354  0.01258940  1.998993  5.939970  0.612590  
262  0.01011002  2.604419  9.378185  0.671293  
158  0.01847981  2.958373  6.232948  0.540414  
384  0.01076800  1.433729  9.391308  0.634854  
131  0.02883251  2.951476  14.269997  0.413823  
383  0.01768426  2.707694  14.965819  0.542047  
125  0.01962828  2.762932  8.755608  0.530435  
147  0.03223905  2.439802  8.780023  0.388081  
377  0.00473254  1.914274  11.701254  0.708296  
262  0.04397501  2.730949  7.639851  0.326800  
224  0.03901773  2.945921  14.236427  0.359470  
300  0.02980752  2.498703  12.043977  0.409169  
357  0.02526148  1.288339  5.135197  0.446387  
188  0.02801602  1.362804  13.717307  0.427404  
200  0.03337107  2.463668  8.470260  0.376469  
233  0.01358385  2.666860  13.927885  0.582530  
319  0.01225443  2.216346  8.863643  0.618465  
142  0.01018778  2.835749  7.059999  0.668760  
114  0.00506153  2.073092  9.387646  0.684721  
350  0.00328498  2.901669  14.490341  0.742950  
117  0.04152553  2.001679  9.530778  0.340320  
314  0.03309442  2.312845  9.521622  0.383717  
240  0.03505341  2.549425  10.033723  0.364490  
247  0.04440419  1.332957  11.279183  0.310411  
166  0.04911472  2.328593  9.085208  0.292543  
174  0.01459175  2.685415  10.238807  0.571192  
346  0.02726533  2.236122  11.567278  0.435064  
196  0.02577142  1.851650  6.759087  0.438391  
227  0.01844243  2.595386  11.029542  0.540780  
237  0.01713395  2.842280  12.837458  0.554758  
219  0.02345653  2.739982  14.092990  0.509682  
245  0.02895663  2.576098  12.556078  0.411306  
327  0.04965456  1.673482  10.285195  0.284623  
297  0.03906858  2.474899  14.606006  0.358280  
114  0.01210340  2.582202  8.136387  0.624050  
392  0.00438411  2.761101  7.079836  0.726959  
192  0.03092608  2.404767  11.984161  0.402394  
379  0.04606259  1.479934  6.708426  0.297899  
287  0.04134010  1.619770  14.577624  0.350452  
342  0.04359966  2.709952  8.089694  0.335040  
314  0.02803845  2.149510  9.495071  0.414556  
282  0.00528733  1.022095  9.492325  0.678022  
103  0.04947362  2.048799  5.852077  0.285020  
206  0.04255885  2.253456  6.762444  0.338122  
