125  0.03397223  1.698019  7.005066  0.404210  
347  0.00356612  2.319437  11.957610  0.715773  
369  0.02710532  2.801813  6.237831  0.493995  
353  0.02537962  2.357280  14.828791  0.498283  
299  0.04781970  1.857509  6.960509  0.275391  
245  0.01606772  2.213843  9.448988  0.541131  
382  0.02241273  1.152837  14.031953  0.532891  
272  0.02144072  1.421278  11.333811  0.533654  
152  0.00679769  2.027741  7.686544  0.656217  
208  0.04378060  1.589312  8.632313  0.319506  
254  0.01558171  2.341655  13.436842  0.582926  
360  0.03023820  2.832453  10.597095  0.415334  
166  0.00163106  2.077181  11.493423  0.741256  
290  0.03936317  1.700522  13.819544  0.338809  
289  0.00695770  1.029664  8.966491  0.642102  
181  0.04491113  1.333995  7.917264  0.311205  
305  0.00509742  1.832484  8.582873  0.691496  
303  0.04557060  2.473556  13.701437  0.300111  
177  0.00193463  1.401440  10.184484  0.729202  
126  0.03183828  2.774224  14.602039  0.414892  
246  0.03400662  1.493789  7.071291  0.383412  
190  0.01487439  1.842128  12.557604  0.599727  
300  0.04110233  1.722007  9.584490  0.324252  
312  0.03321854  2.795526  8.867916  0.413503  
302  0.02341017  1.288400  14.434797  0.530190  
198  0.02847063  2.181677  14.997559  0.488289  
380  0.00770092  2.164403  11.431166  0.639752  
344  0.04502628  1.028565  14.190954  0.303346  
145  0.03930784  1.674825  10.692618  0.339984  
308  0.04029630  2.902951  8.299966  0.330279  
193  0.04690451  1.719138  14.367351  0.292070  
397  0.03326341  2.352214  11.653340  0.405934  
120  0.01063341  2.410688  8.646046  0.627270  
376  0.01123457  1.269051  11.414991  0.606716  
267  0.00595279  2.998230  5.604877  0.683821  
320  0.03491433  1.781884  7.861110  0.376621  
153  0.04781222  1.796106  11.474502  0.290483  
156  0.04916855  2.497177  14.685049  0.251236  
389  0.00370220  2.745964  9.511551  0.702162  
229  0.02048515  2.550707  14.988708  0.539575  
144  0.03865136  2.405316  13.011719  0.348605  
356  0.04800513  1.207648  9.354381  0.273286  
143  0.04857637  2.869686  8.400372  0.259308  
196  0.00358257  1.943144  14.515366  0.707244  
144  0.02988229  2.619007  11.007263  0.435797  
287  0.00937278  1.284127  10.923643  0.636319  
191  0.02947554  1.802026  8.343913  0.485069  
397  0.02537962  2.445784  11.216620  0.376621  
315  0.03608374  2.270363  8.691824  0.357532  
164  0.00111664  2.205603  5.417188  0.742187  
