142  0.00768746  1.008301  7.817469  0.657239  
214  0.00942064  2.777032  8.970763  0.632626  
166  0.04930464  1.716391  14.953612  0.266312  
329  0.00524845  2.913816  12.620167  0.707076  
101  0.02729823  2.450606  11.986602  0.474509  
373  0.04564986  2.357891  14.943846  0.292619  
362  0.01816578  2.647816  8.440046  0.544855  
330  0.03052831  1.278207  5.352184  0.451956  
245  0.00916343  1.821009  10.452437  0.632641  
309  0.02107285  1.786950  13.717307  0.524499  
312  0.03070775  1.949614  5.901212  0.443579  
355  0.00731809  2.221656  8.840754  0.658261  
132  0.02395300  1.357738  11.268197  0.499916  
224  0.03796796  2.881405  7.919706  0.372730  
215  0.02876073  2.924986  10.079806  0.468101  
129  0.03586242  2.567858  9.250008  0.404347  
178  0.03930784  1.055239  9.034547  0.342395  
349  0.04702863  2.847530  6.923887  0.287584  
183  0.02314997  1.194830  7.466201  0.509285  
190  0.01566097  1.674520  5.436415  0.548242  
105  0.02464537  2.081393  9.891202  0.495918  
267  0.03837620  2.141942  10.173193  0.361118  
315  0.03947682  1.586016  11.230659  0.340686  
354  0.01108802  1.914396  12.988220  0.603832  
106  0.04762828  1.213996  11.216010  0.279160  
106  0.00182247  2.587451  6.698355  0.733322  
340  0.02879363  1.319712  9.640950  0.465140  
258  0.03790365  2.065584  14.611499  0.385212  
128  0.02085153  2.110263  8.843196  0.526879  
162  0.01930528  1.304575  7.391736  0.540048  
307  0.00192416  1.813746  5.284127  0.719039  
132  0.03782589  1.675619  5.927152  0.385456  
308  0.00675134  2.219337  9.612262  0.684812  
166  0.04388079  1.022584  11.593219  0.316683  
338  0.03373446  2.410016  5.398267  0.434988  
359  0.04882162  1.459670  10.743278  0.277360  
373  0.00429588  1.153203  12.063509  0.708174  
141  0.02221534  2.331584  14.557787  0.516060  
319  0.00410446  2.340861  8.632008  0.716765  
376  0.01525721  1.797388  14.856258  0.549951  
144  0.02746123  1.326426  13.088931  0.472266  
178  0.01295279  2.438520  7.364269  0.582896  
251  0.04493356  2.245888  8.541978  0.311510  
295  0.02958620  2.388836  12.455367  0.453543  
134  0.03604636  2.678030  13.354747  0.399846  
172  0.02687054  1.989898  5.827967  0.478309  
332  0.04089746  1.551775  9.141362  0.320055  
373  0.00869836  1.133976  14.186071  0.655438  
208  0.03885025  2.287942  9.302194  0.359485  
140  0.02522559  2.523240  9.979095  0.490486  
