289  0.03528968  1.028687  12.809687  0.412435  
224  0.03763298  1.297189  10.934629  0.399419  
372  0.02773339  2.700613  14.548631  0.442236  
370  0.04722752  2.109531  10.669729  0.263123  
337  0.03570092  2.834040  5.881375  0.404210  
106  0.04075838  1.018555  12.397992  0.370823  
167  0.01361077  1.767846  8.487960  0.609264  
221  0.02099957  1.750267  14.873959  0.492653  
289  0.04182760  1.357616  12.221900  0.355136  
157  0.01313224  2.236793  14.503464  0.672880  
147  0.01890002  1.824061  14.919736  0.523583  
230  0.01296176  2.090732  6.240272  0.682279  
374  0.01518394  1.179876  10.101169  0.597621  
226  0.01114335  1.083254  14.736015  0.688444  
390  0.00344649  1.005554  8.500473  0.731155  
323  0.02904187  1.011414  12.461776  0.428106  
308  0.02501624  1.456008  12.686087  0.482093  
386  0.00812262  2.812555  9.439222  0.713118  
145  0.01948024  2.527635  11.848964  0.501610  
313  0.02460799  1.662313  6.022675  0.489174  
167  0.04516684  1.037965  7.453993  0.266694  
246  0.03908802  1.329539  12.153539  0.382130  
160  0.03360585  2.730033  11.100650  0.413869  
276  0.02053600  1.499405  9.890286  0.493767  
199  0.02821043  1.648030  14.847713  0.434088  
162  0.00523649  2.377606  7.045961  0.713591  
383  0.00538752  1.705832  12.737968  0.713561  
362  0.00232792  1.889248  14.706717  0.745178  
141  0.02561440  1.414747  11.476943  0.455267  
381  0.00340013  2.448714  6.508530  0.741729  
283  0.00353621  1.323679  9.496902  0.715224  
376  0.03866332  2.840876  9.049806  0.382206  
267  0.04921491  2.085360  8.190100  0.259003  
293  0.01206601  2.478927  6.972411  0.682676  
205  0.01824204  2.457686  8.173315  0.531045  
152  0.00230998  2.430464  9.322031  0.746506  
228  0.03078103  2.226051  8.314005  0.415258  
128  0.04414548  2.391888  12.009796  0.313662  
172  0.03467956  2.236671  7.132633  0.413701  
160  0.01580752  1.478957  10.830866  0.563318  
324  0.01597501  1.723350  6.387982  0.563089  
396  0.03915232  1.552080  6.784112  0.381062  
269  0.02621854  1.125492  6.340983  0.444723  
387  0.02478744  1.046693  6.621754  0.488044  
360  0.01844990  1.898709  12.695547  0.525399  
176  0.01693207  1.190741  12.909787  0.551386  
227  0.04037407  2.650807  7.726524  0.373539  
211  0.01339543  1.306467  5.631123  0.632412  
123  0.01339991  2.548326  13.908963  0.612835  
376  0.01059902  1.867214  7.782983  0.695799  
