217  0.03601794  1.584002  8.688772  0.507744  
325  0.04867656  1.358348  6.714225  0.261246  
249  0.03532557  2.222144  5.162969  0.523080  
158  0.00685302  2.027497  7.451857  0.672971  
201  0.03689425  1.393567  6.560411  0.457938  
112  0.00234437  2.548387  10.116123  0.748108  
286  0.02629780  1.053163  13.863186  0.568979  
147  0.04831318  2.723685  7.078310  0.265366  
132  0.01496411  2.779595  6.842402  0.620479  
248  0.04785559  2.853267  12.947020  0.274567  
257  0.03652190  2.449934  10.546434  0.498451  
339  0.04003012  2.555223  8.065889  0.385014  
153  0.01960884  2.102451  13.019349  0.595103  
326  0.01715339  2.894711  10.222938  0.600352  
111  0.03144050  2.964843  7.106388  0.525781  
291  0.00285730  1.895901  5.906095  0.711486  
389  0.01523029  1.519120  10.768609  0.619854  
366  0.03805319  1.144353  8.037507  0.399480  
353  0.00520508  2.651173  7.691122  0.700285  
344  0.02178765  2.468368  7.812281  0.588908  
387  0.04126981  1.638569  14.379559  0.379490  
224  0.04660094  2.883419  10.421308  0.303224  
376  0.04676244  1.220222  12.592395  0.302904  
347  0.04395706  1.328440  14.200415  0.330828  
185  0.01018180  2.509262  8.188269  0.655347  
355  0.00737043  2.477828  6.458785  0.660688  
153  0.02934544  2.312357  10.433210  0.545038  
321  0.04845524  1.322825  13.078249  0.263047  
378  0.00241017  1.751183  10.848262  0.746017  
342  0.00407904  1.533219  9.220099  0.710646  
325  0.03966973  1.193121  8.971679  0.389149  
152  0.00759325  1.081240  11.411634  0.655622  
160  0.03085430  1.645161  5.242317  0.534112  
143  0.02442555  2.490646  13.070925  0.578822  
351  0.04158385  2.188696  9.827113  0.361408  
341  0.01479513  2.606616  12.521592  0.650342  
294  0.03590280  1.991424  11.853847  0.519402  
181  0.02256078  2.226356  10.925169  0.583018  
241  0.03748494  1.170660  7.446669  0.434271  
303  0.04775988  1.525163  13.580584  0.287614  
111  0.01454390  2.550096  8.405560  0.651837  
120  0.03412027  1.218390  8.002106  0.523797  
142  0.00625336  1.405713  7.621845  0.682981  
139  0.03605383  2.059664  12.268899  0.502693  
288  0.01558919  1.876614  13.582720  0.601024  
242  0.04516984  2.841365  13.647420  0.308992  
311  0.04801709  2.079806  5.869778  0.266770  
272  0.04480795  1.787072  6.654408  0.324328  
184  0.00253578  2.363872  7.648396  0.722884  
195  0.02703653  2.353313  7.784814  0.560236  
