223  0.01449455  1.811060  10.987732  0.558771  
386  0.01862935  2.244545  7.357250  0.550211  
301  0.00209613  2.304117  7.768944  0.747757  
199  0.03438646  2.135899  13.560137  0.388524  
272  0.03524183  2.463912  14.098178  0.365757  
142  0.02444798  2.445235  6.060518  0.490745  
158  0.04995215  2.782403  10.854366  0.250488  
392  0.04346059  2.751762  12.736442  0.285005  
289  0.04251997  1.575640  8.492538  0.311724  
108  0.04538517  1.366710  9.433119  0.276383  
327  0.00872228  2.215430  11.734825  0.698698  
109  0.01589425  2.379681  5.407727  0.558344  
151  0.04813373  2.709525  10.591601  0.263138  
298  0.01936061  2.474776  12.524949  0.537606  
119  0.04372079  2.346416  9.480728  0.281831  
270  0.01201666  2.192358  10.592212  0.586543  
310  0.00997842  2.045503  7.327952  0.695463  
134  0.00756334  2.344707  10.695059  0.702467  
288  0.01848729  2.510422  9.678488  0.550241  
162  0.00602158  2.237098  9.263131  0.727279  
289  0.01259090  2.522568  10.268715  0.584880  
241  0.01043303  2.442732  14.142430  0.648251  
119  0.01667486  1.980804  5.475784  0.556436  
199  0.01094745  1.383557  6.388592  0.637020  
206  0.04047874  1.843348  11.787927  0.351764  
284  0.00234587  2.130406  14.089938  0.746811  
382  0.00728071  1.211188  5.212714  0.718276  
162  0.01883422  1.900174  13.534501  0.549341  
353  0.01951762  1.655293  13.604083  0.525475  
149  0.04561995  1.953520  14.698172  0.274323  
318  0.02677783  1.783471  9.441053  0.451331  
260  0.02100256  2.221717  8.595996  0.511010  
298  0.04220145  2.219947  12.991577  0.321459  
198  0.02602264  1.279550  9.758141  0.457358  
124  0.02216150  1.876308  5.155644  0.503975  
257  0.00583166  2.471358  14.224525  0.727676  
334  0.03100085  1.882595  6.981872  0.419210  
371  0.04643345  1.344310  8.237098  0.269700  
124  0.04246614  1.064577  10.044710  0.320070  
386  0.00295898  2.298563  11.501663  0.745773  
151  0.02965798  1.655904  9.864040  0.432287  
196  0.04079876  1.772057  7.729270  0.331408  
275  0.02075283  1.264657  14.568468  0.512780  
193  0.02229310  1.596271  10.437483  0.503243  
237  0.03363726  2.228614  14.298685  0.407521  
357  0.03706024  1.630207  9.884487  0.359195  
210  0.03012604  1.635395  14.687490  0.430670  
242  0.00576736  1.659322  13.841823  0.736114  
308  0.01057659  1.713034  11.359752  0.646374  
383  0.02320978  1.082034  6.867122  0.497688  
