155  0.01078744  2.249733  13.044374  0.703307  
116  0.03222111  1.346629  6.138035  0.491478  
253  0.00196902  1.443251  9.812159  0.741897  
331  0.01209592  2.699515  12.916807  0.672025  
226  0.04768960  2.347575  11.415906  0.338778  
346  0.01131980  1.810266  13.684957  0.696501  
305  0.02589703  2.136204  9.940641  0.579890  
387  0.04318842  2.498398  10.065157  0.419897  
248  0.04876778  1.983551  12.248451  0.286271  
206  0.03793207  2.352886  8.157750  0.445807  
223  0.01505533  1.728965  12.244484  0.647580  
297  0.03090814  1.759178  12.080294  0.558939  
294  0.00135591  2.882015  12.085788  0.744263  
214  0.00584512  2.976806  9.565264  0.726165  
182  0.04890387  1.204413  6.302530  0.281190  
330  0.03072420  1.694967  5.690939  0.563578  
190  0.04874236  1.310739  14.706412  0.312654  
351  0.04425913  2.187170  10.453047  0.417547  
185  0.03615851  1.717063  10.133518  0.475288  
284  0.04862871  2.030183  13.163396  0.327944  
290  0.04544499  2.788018  6.777398  0.410070  
163  0.03292843  1.611042  7.864162  0.486778  
369  0.03747597  1.332835  5.350658  0.458365  
350  0.01417753  1.551103  5.283212  0.651624  
250  0.03822517  1.432630  13.843654  0.440115  
155  0.00438560  1.996063  14.614246  0.731552  
216  0.04155843  2.694388  8.434858  0.422292  
331  0.02275668  1.692587  8.815729  0.599391  
220  0.00836039  1.772485  9.458449  0.713134  
131  0.03215232  2.149815  6.444746  0.553720  
272  0.04147618  1.924223  13.428297  0.426641  
146  0.04619568  1.221503  7.495804  0.346881  
290  0.02822538  1.821375  5.274056  0.567850  
191  0.04130720  1.383557  6.621143  0.429342  
152  0.00850395  2.079806  6.372112  0.710433  
202  0.00141423  1.081057  10.619373  0.743423  
177  0.04969643  1.238716  14.899289  0.263688  
350  0.00237577  1.022279  14.532456  0.736465  
342  0.02223927  1.470351  6.790521  0.599986  
368  0.01326533  1.457106  8.292947  0.667035  
124  0.03641423  1.383740  9.340037  0.459876  
281  0.01389938  1.543596  9.854274  0.655713  
100  0.00727174  2.150914  6.539659  0.717376  
345  0.04619419  2.130222  7.407300  0.401036  
184  0.04945418  1.075747  6.835383  0.264740  
245  0.04861824  2.908017  8.849300  0.330782  
127  0.02121641  2.903684  11.333506  0.630459  
146  0.01489682  2.174902  7.395093  0.648114  
353  0.01839906  2.875607  14.899899  0.633450  
221  0.04464495  2.643117  14.349040  0.417501  
