242  0.00535911  2.020539  5.254219  0.645917  
192  0.03865136  2.069613  9.836573  0.357974  
235  0.03239158  1.697226  7.383190  0.444205  
382  0.01858150  1.244331  5.997040  0.560465  
118  0.04072100  2.198889  13.569292  0.341708  
348  0.03841508  2.278542  10.974914  0.363285  
397  0.00114356  2.565600  14.367656  0.749222  
246  0.04894275  1.454543  12.305521  0.282304  
218  0.02079919  2.863155  14.155248  0.521966  
383  0.00742277  1.369457  11.205939  0.613445  
209  0.01049733  1.330332  7.703024  0.581919  
242  0.00280047  2.984741  11.089358  0.737213  
180  0.02880261  2.224464  12.852718  0.469245  
288  0.00738539  1.728538  10.600757  0.625988  
306  0.02650117  1.149480  10.003510  0.477989  
319  0.03008716  1.239082  9.846034  0.444220  
201  0.03660714  2.391583  13.057192  0.365299  
243  0.04496197  1.935698  14.527879  0.312349  
285  0.02758983  2.555284  9.913175  0.472877  
239  0.03240803  1.606220  12.634205  0.444006  
267  0.01726704  1.844386  14.859310  0.568308  
160  0.00767251  1.862575  8.433332  0.594096  
367  0.00286776  1.914090  11.451308  0.721160  
376  0.01283465  1.879238  5.022584  0.577036  
363  0.01933818  2.583728  14.051790  0.532723  
387  0.00989767  1.555376  5.847499  0.584727  
335  0.01403247  2.093966  10.254982  0.571207  
177  0.00352574  2.367412  13.667257  0.708052  
134  0.02078722  2.269326  6.309244  0.523186  
215  0.00511087  1.965911  8.671377  0.688749  
289  0.00397586  2.151280  14.527268  0.696165  
292  0.00762017  2.261574  12.076327  0.611858  
219  0.04178722  2.658681  6.858272  0.337207  
262  0.04403034  2.592090  13.815271  0.313051  
110  0.03958898  1.849330  13.505203  0.352634  
138  0.02429246  1.816126  9.134648  0.508446  
124  0.04016770  2.658681  10.946532  0.345386  
275  0.03480517  2.091586  5.245369  0.380711  
387  0.03480218  1.822108  11.260262  0.428961  
196  0.00538154  2.909665  11.941435  0.630673  
267  0.01980175  1.303659  5.426344  0.525872  
233  0.04193677  2.930845  5.503861  0.326113  
208  0.03339201  1.194220  8.641774  0.434820  
214  0.00849947  1.547258  9.526200  0.585948  
353  0.02272079  2.971679  6.764275  0.516610  
185  0.02905383  2.130772  5.764183  0.453070  
243  0.04859731  1.471023  11.180303  0.291490  
215  0.00302179  2.866817  9.007691  0.708220  
214  0.04322431  2.150670  5.786767  0.323641  
105  0.03321854  1.173894  8.482162  0.441107  
