238  0.04904593  2.510483  5.756859  0.290895  
273  0.03486947  2.210913  10.756706  0.438955  
377  0.02477398  2.069246  14.480880  0.500755  
302  0.01890899  1.133122  11.710105  0.587565  
258  0.01905554  1.389599  13.857997  0.584452  
266  0.01048836  2.828974  14.124729  0.666868  
386  0.02695578  2.502426  5.152898  0.470985  
372  0.00735249  2.086032  9.131901  0.706755  
164  0.04583828  1.978057  14.221473  0.309511  
364  0.00193762  1.769555  10.300760  0.716659  
248  0.03728904  1.065554  7.267525  0.378208  
217  0.02334138  2.877071  14.883724  0.538736  
397  0.01859496  2.030915  12.692801  0.596553  
170  0.03948131  2.527512  13.861965  0.318133  
327  0.00515125  1.309702  12.272561  0.709365  
222  0.01419697  2.289407  7.221137  0.632076  
337  0.01910190  1.614032  12.098605  0.573450  
257  0.04859133  2.006500  9.574419  0.295427  
255  0.01362722  1.929533  11.724448  0.636044  
225  0.01804913  1.689962  10.099643  0.609615  
311  0.00876116  1.673482  9.953154  0.685728  
122  0.02478744  2.361858  6.015046  0.493461  
288  0.03953365  2.397504  9.029054  0.311464  
363  0.00108075  2.209204  6.722770  0.749847  
220  0.03867827  2.561937  6.808527  0.355533  
222  0.02519269  1.283334  12.567980  0.486793  
262  0.00142021  1.336131  10.106967  0.722884  
122  0.03287909  2.518723  14.131748  0.464560  
258  0.02877718  1.335215  13.064211  0.465827  
280  0.02123136  1.282723  11.364635  0.554788  
200  0.03583401  2.941465  13.294931  0.391575  
193  0.02356868  2.268960  12.885678  0.537759  
295  0.04851656  1.630207  7.042299  0.297716  
349  0.02436274  1.547746  10.728629  0.506508  
116  0.03558428  1.768578  13.803064  0.393101  
144  0.03487844  1.249825  10.908383  0.438116  
399  0.04719013  2.937742  12.148350  0.303529  
110  0.03926597  2.924497  11.683859  0.353854  
340  0.00736146  1.194708  13.030030  0.690184  
112  0.04579940  1.335887  5.553911  0.311403  
260  0.01539479  1.081912  5.925016  0.627056  
200  0.01137214  1.591510  14.094821  0.662549  
261  0.03743110  1.869106  8.058565  0.376972  
143  0.03797244  1.279916  12.958312  0.366337  
296  0.01565947  2.720145  8.813288  0.620983  
149  0.00917090  1.988128  13.995636  0.681059  
374  0.00169387  1.464431  11.635640  0.719558  
261  0.01649092  1.415967  8.738517  0.620312  
112  0.03477676  1.673482  5.431837  0.447180  
302  0.02416086  2.558275  8.676260  0.534326  
