315  0.01777996  1.000732  7.437513  0.580836  
268  0.03712006  1.229316  7.611774  0.351901  
129  0.03583401  1.237983  14.163182  0.363514  
109  0.04250352  2.895810  6.254311  0.280824  
233  0.03946486  2.197363  7.043825  0.300935  
160  0.01209143  2.198584  8.821223  0.639035  
156  0.04827280  2.528306  13.720969  0.263642  
304  0.04092288  1.611774  7.153386  0.297029  
334  0.03195044  1.484390  10.377056  0.480201  
382  0.04542555  2.641102  5.202033  0.269059  
320  0.00338816  1.874722  12.191992  0.734878  
176  0.03234523  1.464431  5.862148  0.462775  
208  0.01095193  2.423261  6.738334  0.652448  
265  0.03201025  1.486709  6.912595  0.475257  
333  0.01449007  1.927580  6.955016  0.627209  
321  0.03109806  2.266945  6.674551  0.487526  
170  0.04241231  1.065004  8.469955  0.284257  
169  0.04455821  2.220008  10.871456  0.279160  
272  0.02885943  1.931852  12.485275  0.490150  
196  0.00818394  2.590564  10.713370  0.668424  
208  0.00181649  1.672994  11.374401  0.745529  
178  0.00225465  2.702200  14.670705  0.742523  
214  0.03903119  2.107334  10.900449  0.311052  
148  0.03314377  1.643818  8.994568  0.424902  
283  0.04487075  1.338878  11.717124  0.272401  
258  0.03662059  1.623005  11.054872  0.354129  
319  0.02312604  1.204535  14.873959  0.542444  
171  0.00524995  1.437086  11.213263  0.722823  
381  0.02705298  1.306284  12.626576  0.491157  
269  0.00645824  1.143498  9.529557  0.674955  
139  0.02002905  1.548845  8.220313  0.552225  
141  0.03521342  1.294259  9.312571  0.375401  
351  0.00512433  1.813746  7.697226  0.732574  
102  0.01933818  2.292459  6.658071  0.556894  
276  0.03470049  2.885678  14.472640  0.406178  
107  0.01501495  1.774865  9.903409  0.624783  
330  0.00906174  2.269875  14.613941  0.654233  
143  0.01946678  2.679861  11.616718  0.552683  
351  0.03238710  1.338206  8.756829  0.460395  
270  0.02506409  2.069124  14.591662  0.503380  
308  0.04149113  1.572771  6.608020  0.292268  
235  0.00540248  1.088748  8.562731  0.683409  
326  0.01103269  2.792230  13.282723  0.650800  
143  0.01830934  1.927519  12.280190  0.573237  
227  0.01213630  2.386883  14.560533  0.635708  
320  0.01548601  2.508774  12.383648  0.601085  
326  0.01865477  1.017640  11.758019  0.566156  
117  0.03847639  2.188635  12.504196  0.344333  
353  0.02532279  2.188696  7.555315  0.503273  
369  0.02341465  2.173376  9.385510  0.525292  
