130  0.01393826  2.041292  7.955412  0.583003  
304  0.04726041  2.335856  9.104129  0.282304  
382  0.02687652  1.903287  6.191137  0.473472  
226  0.02089041  2.874264  11.081423  0.528619  
399  0.03349370  2.338298  14.555345  0.436773  
211  0.02454967  2.599597  6.437117  0.476798  
221  0.00177013  2.943724  12.049776  0.717849  
373  0.01197629  1.701132  10.090182  0.614696  
322  0.01812540  1.300974  5.636616  0.537210  
393  0.03394830  1.545061  8.410443  0.434530  
332  0.03758812  2.603931  10.228431  0.371296  
399  0.00648814  2.565600  8.238014  0.657407  
367  0.02344157  2.160924  7.126225  0.485771  
176  0.04430699  2.256447  14.703665  0.291810  
387  0.02323820  2.752983  13.693808  0.492195  
294  0.04765520  2.390728  13.441115  0.258286  
173  0.01755266  1.378307  8.784295  0.541452  
244  0.03889511  2.756096  10.376751  0.356540  
314  0.03875753  2.998352  12.223731  0.358860  
151  0.04123243  1.760033  6.286660  0.317476  
294  0.03732194  1.760643  13.681295  0.388966  
175  0.00537706  2.481246  9.969634  0.704161  
284  0.00301132  2.072237  7.868435  0.711180  
210  0.03150780  2.372906  9.455092  0.449789  
315  0.01394873  2.069063  10.344707  0.575312  
291  0.01278829  2.108615  11.383862  0.612972  
328  0.03585794  1.736900  12.617725  0.396321  
306  0.03829246  2.253395  10.829340  0.363407  
366  0.04119205  2.426069  7.899564  0.335665  
126  0.04015873  1.788842  13.614154  0.352405  
102  0.01724012  1.022217  11.085391  0.546564  
370  0.01384106  2.276528  6.862545  0.599254  
311  0.02197458  1.836146  9.505448  0.505928  
325  0.02994809  1.853908  7.388684  0.466712  
334  0.03527772  1.607807  6.031526  0.424154  
192  0.01308588  2.572192  7.757958  0.610607  
319  0.00571203  1.132450  14.409467  0.660443  
277  0.02693783  1.059511  12.783746  0.473060  
158  0.00986926  2.162267  9.524064  0.637265  
112  0.00910660  2.371502  11.031068  0.644269  
396  0.00508994  1.661458  13.923002  0.709532  
101  0.04275027  2.425214  12.870724  0.293031  
270  0.03685388  2.451460  7.558061  0.394368  
240  0.03522687  1.856410  5.010681  0.433493  
216  0.01658962  1.018555  11.638997  0.574076  
180  0.04562893  1.734458  7.463454  0.288011  
115  0.03323350  1.029481  10.947752  0.445196  
174  0.03666247  1.576189  8.847163  0.395283  
388  0.01356740  2.147069  13.197882  0.602947  
272  0.00967336  2.757866  6.025422  0.640790  
