299  0.00696518  1.842250  13.042848  0.678510  
123  0.04906687  2.966979  13.865627  0.260743  
330  0.04204892  2.895566  14.712210  0.367893  
348  0.00884939  2.163854  9.488357  0.651532  
389  0.02503867  1.687460  9.353771  0.495521  
120  0.04230613  1.562883  6.626637  0.304140  
254  0.02067956  1.887661  6.090732  0.520272  
236  0.00247746  1.141728  11.485183  0.738693  
327  0.00728370  1.781091  9.330882  0.677549  
102  0.04367144  1.158757  13.527482  0.296388  
371  0.04777932  2.238563  5.498978  0.268357  
261  0.02741935  2.772942  7.930082  0.452048  
225  0.00252083  2.357280  11.282235  0.721648  
146  0.04416044  2.361797  7.886135  0.282594  
338  0.04411109  2.963622  13.001648  0.295442  
152  0.03040120  1.405774  11.220588  0.425695  
197  0.04942427  2.157994  6.914731  0.257416  
293  0.01496411  2.657460  13.050478  0.583338  
348  0.02735954  1.101932  9.950713  0.454749  
270  0.01859645  2.565477  7.429884  0.531304  
266  0.00612476  1.547563  10.867183  0.686323  
202  0.03669985  1.835658  12.254555  0.397694  
270  0.02656697  2.442061  14.349651  0.488456  
135  0.00553108  2.827021  9.459059  0.690306  
390  0.00927259  2.552843  6.355632  0.641858  
144  0.01184619  2.451765  12.954955  0.641339  
291  0.04185452  2.704398  9.358959  0.374805  
193  0.03097394  2.630482  6.065401  0.415151  
277  0.00828413  2.141636  12.244484  0.666395  
292  0.02156334  1.385510  14.694205  0.511330  
117  0.02643089  1.994232  12.760857  0.492332  
249  0.00520808  2.599170  8.333842  0.696196  
304  0.03012455  2.052400  11.857814  0.427129  
167  0.01151869  1.559954  14.568773  0.641842  
223  0.03944392  2.335856  10.193030  0.380818  
118  0.03459880  2.924680  10.152135  0.406789  
222  0.01235014  1.486648  8.837703  0.611400  
302  0.01491775  1.883145  9.352855  0.585490  
102  0.00767849  1.101321  9.964141  0.667524  
393  0.04785110  2.380963  14.251991  0.268281  
263  0.02673595  1.977386  10.370647  0.484962  
186  0.03834779  2.475082  8.346965  0.395466  
307  0.02866204  2.147008  12.263405  0.427587  
213  0.01687374  2.529710  10.377667  0.547449  
120  0.02522559  2.745659  13.085574  0.492409  
229  0.03463469  1.241829  6.009857  0.398625  
242  0.01617240  1.468398  10.579394  0.562693  
118  0.03265926  1.679220  7.150639  0.409169  
123  0.02852745  1.858364  11.941435  0.447455  
339  0.01934715  2.860469  8.441877  0.529397  
