280  0.01273296  1.188177  8.135166  0.626156  
262  0.01107007  2.160497  14.183020  0.638775  
389  0.03610916  1.498672  7.417676  0.456107  
138  0.02009336  2.236183  12.771844  0.548196  
178  0.01905853  2.688284  7.157964  0.565256  
293  0.00395193  1.481338  6.008332  0.677442  
153  0.03888763  2.662954  11.315195  0.409886  
305  0.01329972  1.494827  13.523820  0.612316  
271  0.02805042  2.698599  13.792993  0.510323  
151  0.00847853  2.922788  14.396344  0.665601  
275  0.00137983  1.594867  6.483200  0.734573  
173  0.02760030  2.572924  5.014649  0.517220  
390  0.04431297  1.155889  6.471603  0.373447  
304  0.00511985  2.138340  10.599841  0.674833  
315  0.04762529  1.271859  10.787225  0.272874  
379  0.02949348  2.467757  13.850978  0.508370  
315  0.04177227  2.644826  10.554369  0.400838  
377  0.04817261  1.320872  14.115574  0.257996  
375  0.03160649  2.253456  10.624561  0.486290  
287  0.01544713  1.210700  10.583666  0.585383  
297  0.03239158  2.232337  7.050233  0.476081  
383  0.01220808  1.497452  9.503922  0.626904  
319  0.04953044  2.205969  14.304483  0.252350  
176  0.02408011  1.624836  14.590136  0.547693  
348  0.00254027  1.510697  8.234657  0.697813  
209  0.04340675  2.515854  7.841578  0.382740  
236  0.04566182  2.415693  10.605029  0.313540  
323  0.00258364  2.931028  11.235542  0.690474  
152  0.03702734  1.658712  7.972198  0.431814  
386  0.04512348  1.285104  14.363689  0.355457  
181  0.02006644  2.602405  12.816706  0.557611  
376  0.02506409  1.263253  5.386975  0.525521  
388  0.04434138  1.335765  9.560381  0.357074  
376  0.03063598  1.832728  8.860591  0.491523  
355  0.01898975  2.346355  13.586993  0.568888  
128  0.01291540  1.157842  10.334635  0.615246  
115  0.04013031  2.220252  8.903317  0.409474  
105  0.01546507  1.739830  10.391705  0.582636  
355  0.04419034  2.441328  10.879086  0.380192  
308  0.04292523  1.076662  6.186254  0.385533  
311  0.01045546  2.004608  5.833155  0.640820  
397  0.00816150  2.518906  12.876522  0.673734  
156  0.04198163  2.485275  10.355693  0.395375  
298  0.00123627  1.028565  6.798151  0.744797  
121  0.01782632  1.660604  11.385388  0.572687  
211  0.04598932  2.494675  13.129215  0.310991  
257  0.01028648  2.022553  14.502243  0.663297  
370  0.01184469  1.350963  9.302194  0.633358  
106  0.01258043  2.785882  13.844874  0.626415  
149  0.00139329  1.751610  7.894375  0.702544  
