357  0.04147319  1.548784  13.798486  0.399236  
277  0.00577035  2.713981  5.292367  0.680601  
233  0.01261931  1.845607  11.375011  0.585887  
242  0.03667742  1.710410  11.453444  0.420095  
281  0.04524162  2.692007  10.255593  0.333010  
285  0.00657338  2.409406  7.737815  0.634976  
323  0.01603632  1.121097  14.040193  0.559946  
270  0.01175646  2.895932  10.353862  0.602886  
132  0.04738154  1.881558  8.628651  0.262070  
373  0.03735783  2.988403  12.676321  0.404195  
279  0.01567293  1.177557  13.034303  0.565500  
228  0.04545695  1.458327  6.836299  0.297945  
395  0.02462743  2.818354  5.617084  0.483833  
395  0.04892630  2.307779  9.757530  0.254334  
309  0.01912134  2.664296  9.931791  0.538461  
202  0.04519825  2.012238  7.510453  0.339114  
149  0.02445247  2.057833  12.365032  0.506508  
227  0.04824738  1.050356  10.698111  0.257477  
284  0.00222324  2.259133  13.767663  0.728942  
249  0.01352254  1.352794  8.850826  0.585643  
130  0.02002606  1.019349  10.576342  0.518044  
297  0.04288037  2.779901  9.705344  0.368748  
227  0.04257979  2.570421  8.763848  0.371662  
167  0.02434031  2.614673  6.069063  0.510796  
100  0.00415082  2.733268  7.555620  0.682310  
316  0.02952489  2.593005  14.940489  0.472663  
183  0.02211216  2.807550  10.512253  0.511238  
333  0.01130485  2.434187  6.929685  0.621212  
253  0.01746294  2.638966  10.485397  0.548395  
211  0.03433113  1.432814  5.075381  0.425161  
265  0.02720252  2.034822  13.426771  0.477912  
191  0.02524653  2.678213  7.067629  0.480216  
325  0.02664772  1.746300  5.256355  0.480125  
185  0.04116663  2.123814  10.014801  0.399251  
323  0.00244606  1.818567  7.276986  0.711730  
393  0.02503867  1.301645  8.373821  0.481742  
133  0.03398270  1.473037  10.160070  0.451376  
286  0.01144243  2.192480  9.834132  0.618465  
334  0.03154967  2.082247  5.619831  0.454367  
349  0.00581970  1.896878  7.008423  0.650739  
314  0.03996432  2.469955  9.756615  0.402135  
329  0.02771245  1.535478  11.008789  0.475410  
355  0.04639158  2.980590  13.931852  0.266923  
199  0.01898077  2.496323  12.608264  0.543481  
385  0.04432792  2.746941  9.232002  0.339740  
246  0.02964302  1.998321  13.987701  0.472022  
250  0.04379855  2.605823  10.267495  0.364231  
164  0.00581372  1.191778  5.242012  0.672727  
399  0.00121235  1.412915  14.555651  0.741363  
204  0.00756633  2.926023  11.178777  0.622097  
