111  0.00306366  1.338633  6.245155  0.738083  
289  0.02823734  1.133305  11.691488  0.478828  
311  0.01176843  1.340953  8.750114  0.705123  
274  0.02423115  1.749351  9.405042  0.576731  
107  0.04471374  2.656056  11.180914  0.342532  
133  0.03448814  2.468368  7.599872  0.452734  
338  0.03298975  1.071718  9.589373  0.464011  
182  0.04792587  1.668905  5.897549  0.302767  
369  0.02358812  1.208563  7.175054  0.592540  
218  0.03722025  1.785424  7.073122  0.425573  
323  0.02303632  1.268014  9.032105  0.610393  
131  0.04562294  1.498856  11.886502  0.327181  
237  0.02774685  1.980071  7.973724  0.485328  
295  0.03786926  2.624500  6.276284  0.416128  
182  0.04686563  2.032014  9.708090  0.306276  
231  0.02532130  1.733787  12.848750  0.525735  
205  0.04524012  1.341136  9.407483  0.336871  
140  0.03573382  1.615375  12.601550  0.438391  
356  0.03739222  2.399274  8.766594  0.425146  
111  0.03520743  1.900296  9.484085  0.443930  
154  0.02525999  1.810633  14.226356  0.537088  
334  0.04364901  1.808435  5.962249  0.353931  
133  0.01002478  2.319926  14.401227  0.709273  
152  0.00481179  1.256478  8.471175  0.733627  
236  0.01673766  1.335765  9.144108  0.674833  
337  0.00767400  1.758751  13.781091  0.716460  
269  0.03381671  2.441328  5.362560  0.458090  
238  0.02383786  1.901883  7.073733  0.577204  
389  0.04287289  2.905026  6.897946  0.355823  
323  0.04270241  1.926542  6.228370  0.387379  
281  0.02201495  2.003876  8.773919  0.631069  
135  0.01276736  2.359355  10.656301  0.686964  
344  0.03165734  1.304880  11.143681  0.465262  
173  0.04837300  2.956908  13.280892  0.286607  
127  0.01732685  2.162450  6.554613  0.663022  
101  0.01795044  2.692679  7.172613  0.650891  
310  0.04893078  2.834407  6.992859  0.273576  
299  0.04823692  1.400769  10.156407  0.289888  
244  0.00562230  1.046144  5.775781  0.720855  
162  0.03630357  1.221625  7.690817  0.436483  
294  0.02695727  2.788141  5.009461  0.506340  
396  0.02253984  1.439650  12.692190  0.630703  
381  0.03142256  1.869228  13.250679  0.466758  
219  0.01429118  1.897305  7.012391  0.678800  
337  0.01910788  2.522568  11.473586  0.635678  
188  0.03855416  2.177038  9.223762  0.396947  
178  0.04088549  2.404462  9.675436  0.389683  
348  0.00432878  2.399884  13.455153  0.735092  
236  0.02664324  2.915830  12.729118  0.509911  
375  0.03685537  1.058290  10.535447  0.432684  
