128  0.02964452  1.133183  13.636128  0.411626  
151  0.04528947  2.021638  11.856899  0.315035  
129  0.03613309  2.035249  6.424299  0.353473  
348  0.02844969  2.982604  14.434492  0.440176  
188  0.01921107  2.383221  10.787225  0.591807  
114  0.04422773  1.397961  8.865474  0.318758  
196  0.04856142  1.823756  7.462233  0.283723  
166  0.01217219  1.668111  6.519822  0.672773  
361  0.04727238  1.767357  8.523667  0.288591  
241  0.01003674  1.147832  14.574877  0.683851  
277  0.00362593  1.619037  11.466567  0.729888  
371  0.02423414  2.834101  13.703879  0.466468  
221  0.03863939  2.235511  11.448866  0.335040  
104  0.03414570  1.487686  9.571978  0.395085  
350  0.01729096  1.316721  13.582415  0.671598  
233  0.02135398  1.761437  12.049776  0.494163  
205  0.03613608  2.052644  7.957244  0.352756  
400  0.02591498  1.879910  11.458327  0.452094  
268  0.00308161  1.990631  5.421155  0.740448  
306  0.00936979  2.795282  5.489517  0.700621  
142  0.02121491  1.014405  13.246712  0.494972  
232  0.01893442  2.779107  9.902188  0.628307  
296  0.02620060  2.782891  7.962737  0.450095  
285  0.02072442  1.350414  6.982482  0.552057  
241  0.04856441  2.214576  9.061098  0.283662  
125  0.02681671  2.538804  14.294107  0.441809  
251  0.01996026  1.875576  13.225043  0.587809  
130  0.00975112  1.984710  8.676260  0.686781  
310  0.02250096  1.674642  5.492874  0.468329  
175  0.01968960  1.540422  13.056887  0.589747  
298  0.01758705  2.357524  12.517930  0.668699  
271  0.00415381  1.099673  12.637257  0.727325  
324  0.03544072  1.149968  5.141911  0.386464  
358  0.02901944  2.607837  8.683279  0.419988  
277  0.01891198  2.797601  14.091769  0.638302  
147  0.04259026  1.833827  8.706778  0.326907  
227  0.00819440  2.423994  14.953307  0.702010  
196  0.02093078  1.768944  7.555010  0.505715  
335  0.00797906  1.337535  7.990814  0.722991  
195  0.04076437  1.709311  11.051515  0.331957  
273  0.04240632  2.403180  6.041597  0.329501  
282  0.03567400  2.428083  8.612476  0.378132  
338  0.02512690  1.117496  10.928526  0.459281  
237  0.04693890  2.594714  9.965667  0.291673  
387  0.02889084  1.325083  6.820429  0.437887  
208  0.03740269  1.010743  9.930876  0.335467  
223  0.02553514  1.845180  8.993652  0.458090  
285  0.04926276  1.547563  10.490280  0.269776  
167  0.02016663  1.392834  9.738304  0.565210  
150  0.02090985  1.143498  7.273629  0.522118  
