284  0.01580602  1.322520  10.999939  0.584956  
327  0.04083465  2.097568  14.412214  0.406545  
101  0.00895557  2.146947  6.944945  0.692930  
378  0.01549498  2.431501  13.676717  0.589152  
233  0.00458300  1.742149  10.295572  0.716903  
284  0.04389724  2.533860  7.202521  0.318575  
213  0.03294040  1.888577  5.196234  0.487159  
255  0.04258577  2.896420  14.133885  0.372578  
238  0.01375732  2.565050  7.839747  0.625759  
317  0.01507028  2.758965  6.462447  0.593730  
321  0.03153771  1.466079  5.307321  0.531579  
262  0.01030741  1.136479  14.439680  0.678007  
391  0.02928114  2.793695  14.362468  0.543527  
287  0.01903909  2.271218  13.430738  0.574015  
214  0.03201773  1.737144  6.470382  0.520623  
242  0.04263961  1.272591  8.256325  0.364246  
286  0.04012284  2.451643  14.418012  0.416662  
324  0.00458748  2.839351  14.123508  0.702025  
341  0.04168703  1.018860  10.748161  0.383702  
385  0.00130656  2.741020  11.466567  0.742843  
272  0.04440120  2.082797  10.145726  0.305361  
116  0.01139457  2.429609  11.665548  0.675443  
113  0.02746272  1.839503  8.055818  0.545282  
250  0.02108631  1.996979  7.870876  0.565302  
365  0.02421769  2.082614  7.552263  0.547098  
383  0.04349947  1.951018  6.373943  0.331637  
396  0.04561397  1.302438  6.942503  0.292146  
250  0.03264580  2.190710  5.299692  0.519631  
175  0.01323692  2.674062  13.121891  0.640683  
232  0.04582931  1.378124  5.157781  0.288041  
133  0.02091882  2.376995  11.489151  0.567652  
291  0.04462700  1.878506  6.193579  0.300707  
333  0.01351656  2.340434  13.574480  0.636761  
172  0.00372463  2.816034  6.799371  0.720305  
237  0.02206879  2.426557  9.627522  0.562479  
292  0.04107242  2.831782  11.722007  0.403493  
387  0.03265029  1.527787  6.579943  0.514351  
277  0.01382611  1.068484  14.673757  0.594722  
203  0.04255736  2.288125  13.201849  0.374973  
277  0.04088998  2.005768  13.497574  0.403569  
229  0.04673852  1.429273  5.242317  0.282044  
277  0.00327152  1.273568  13.473769  0.720885  
301  0.03585046  2.214942  5.078433  0.443777  
269  0.00849348  1.731468  11.951811  0.697401  
341  0.01321299  2.664296  14.163488  0.660047  
366  0.02357466  2.167211  11.501968  0.547281  
167  0.04714078  1.994842  13.620258  0.259323  
372  0.01529011  1.192206  5.432447  0.591090  
118  0.03307050  1.663961  9.905545  0.476371  
203  0.01212284  2.538499  5.090945  0.663282  
