252  0.01992737  1.475600  5.924406  0.521615  
195  0.01354198  1.512528  5.444960  0.668714  
116  0.03741316  2.608509  10.691092  0.329867  
136  0.00346443  1.578753  10.766778  0.724227  
390  0.03440440  1.444105  13.032167  0.419118  
128  0.03537342  2.794305  7.695395  0.393452  
370  0.03687182  2.490219  10.644093  0.334689  
222  0.01509122  1.223640  5.395825  0.638852  
182  0.02309912  1.051210  9.897610  0.511574  
303  0.01884469  2.270241  14.888607  0.541757  
153  0.03450758  2.104587  6.025117  0.398854  
130  0.02862764  2.868709  9.327219  0.498604  
188  0.01002628  1.838160  11.180914  0.699950  
328  0.03325593  1.463576  9.044618  0.427541  
390  0.03578616  1.646931  5.941801  0.386967  
270  0.04006302  1.990387  10.630665  0.284791  
155  0.01644157  2.761589  14.137242  0.565271  
180  0.04920743  1.998688  10.431990  0.261887  
206  0.02817603  1.718894  10.358745  0.501045  
234  0.01426276  2.516648  10.999939  0.653104  
120  0.01689767  2.825068  10.398724  0.564081  
159  0.03952467  1.493057  5.436110  0.309282  
326  0.03602243  1.860012  13.374584  0.359027  
365  0.03323200  2.922971  10.551927  0.433233  
280  0.00909613  1.776025  6.764885  0.719466  
278  0.01596454  1.312571  6.485641  0.605602  
128  0.00209165  2.301859  8.161718  0.727538  
157  0.02871288  1.224372  9.202704  0.459815  
238  0.04592203  1.432752  6.554613  0.275437  
101  0.03999573  1.502152  14.337443  0.308885  
