258  0.00443495  1.488968  14.513535  0.606929  
196  0.00910062  1.260262  10.650807  0.595531  
370  0.02819248  1.234016  14.629810  0.521508  
168  0.00152190  1.622944  10.536363  0.745148  
360  0.04138347  1.499466  8.934751  0.411306  
266  0.00400577  2.380291  5.179449  0.608913  
114  0.02530186  1.383068  14.470809  0.531915  
140  0.03807562  2.241005  6.908933  0.448675  
189  0.03461376  2.637257  8.895383  0.449744  
295  0.01823307  2.058443  5.282601  0.557398  
222  0.04284896  1.218574  7.745445  0.409658  
119  0.01077248  1.366527  5.652791  0.586955  
303  0.01123307  1.806726  12.474899  0.585063  
202  0.04480496  1.806909  13.420667  0.380024  
386  0.01764986  1.770592  14.593799  0.559732  
312  0.03412326  1.549455  14.951781  0.461737  
234  0.01126298  2.284402  12.875301  0.574473  
171  0.00180453  1.703635  12.704093  0.672636  
307  0.04352937  2.923338  11.173589  0.390904  
118  0.03859304  2.891110  14.482101  0.439505  
391  0.04364302  2.355449  10.119175  0.382282  
281  0.04094232  2.860897  6.123997  0.432211  
166  0.00157872  1.936369  13.084048  0.674207  
327  0.04647682  1.514054  14.614551  0.368290  
118  0.01438539  1.361278  11.591082  0.570566  
128  0.02854988  1.224677  5.802026  0.511086  
196  0.02087396  2.283670  14.044771  0.543725  
140  0.04667122  1.145817  8.915830  0.329012  
247  0.00204678  1.219123  10.491501  0.621899  
284  0.03808759  1.519974  10.069735  0.439856  
