267  0.04997607  1.369762  11.389355  0.285905  
223  0.04565285  1.127567  10.261696  0.332537  
319  0.00614869  2.476852  6.262246  0.722015  
384  0.04265007  1.151677  11.196173  0.340655  
246  0.02918992  2.688711  14.939268  0.440130  
384  0.01440333  1.161504  5.878018  0.625820  
326  0.03372250  2.965758  6.048616  0.394322  
200  0.00952232  2.876400  11.569720  0.654035  
247  0.02194916  2.986206  10.817743  0.541406  
374  0.01461419  2.108860  11.620380  0.623653  
136  0.04163320  2.113132  11.258431  0.353107  
283  0.00633262  2.054964  11.151311  0.694929  
311  0.03123115  1.988372  6.769463  0.430044  
197  0.02790088  1.151494  10.800043  0.495521  
157  0.01182824  2.977905  8.278603  0.645627  
135  0.00179406  1.300790  14.007843  0.726012  
151  0.03543025  1.259774  10.544908  0.381001  
353  0.01634437  2.628956  7.880947  0.597056  
302  0.02018906  1.070803  7.419813  0.551187  
393  0.04860179  2.334269  6.742302  0.296236  
299  0.01858300  1.751915  7.913297  0.558664  
173  0.03212241  2.863765  12.345500  0.415563  
215  0.03709613  2.023225  9.142277  0.368976  
394  0.04150011  1.856777  6.628468  0.353671  
181  0.03935868  2.606677  11.870937  0.355869  
382  0.02252339  2.287881  13.051088  0.512169  
221  0.00643132  1.164678  11.629231  0.685270  
287  0.03206409  1.257576  12.268288  0.418920  
164  0.01569237  2.775262  9.596088  0.613048  
251  0.03011856  1.182073  8.388775  0.434576  
