240  0.03911493  1.074648  8.772393  0.540368  
267  0.04819953  2.964232  14.576403  0.295030  
105  0.00452617  2.016999  8.729362  0.677458  
269  0.04235997  2.341288  12.553941  0.431845  
358  0.04285195  2.168493  12.629627  0.409795  
114  0.00792523  1.250557  10.915403  0.658307  
234  0.01650139  2.838801  9.524064  0.638928  
397  0.04342170  2.978088  13.241829  0.397328  
281  0.04526853  2.380963  9.416028  0.383015  
286  0.04745033  2.314066  10.183264  0.298845  
208  0.04704059  1.938505  14.445173  0.328448  
334  0.01251912  1.176885  11.082644  0.645154  
154  0.04204892  1.010681  13.095950  0.447272  
263  0.04007648  1.435316  11.672567  0.524575  
378  0.04972784  2.715506  11.766869  0.260453  
267  0.02953984  1.212104  6.128269  0.600841  
290  0.03927943  2.786615  5.631428  0.536172  
186  0.04696731  2.031953  5.510269  0.328982  
179  0.04338432  1.408948  14.740898  0.400197  
117  0.03620338  1.040956  11.700034  0.552057  
184  0.00360051  1.219550  7.956328  0.693312  
303  0.03531361  2.419538  7.494583  0.586497  
114  0.02974621  2.428632  12.890255  0.597606  
268  0.00159667  2.285501  10.913266  0.741928  
348  0.04638859  1.302255  10.733512  0.380512  
339  0.01690814  1.092288  6.135289  0.625240  
128  0.01114783  1.438917  6.996216  0.652356  
283  0.04032920  2.014985  6.191137  0.493080  
156  0.01655074  2.618580  8.960692  0.635449  
222  0.02069301  2.335612  14.716788  0.620983  
