243  0.03012604  1.759423  14.339885  0.411412  
398  0.00707584  2.641713  7.077395  0.622814  
327  0.00415531  2.925596  9.487442  0.722304  
383  0.02328306  2.982788  6.190832  0.484642  
152  0.03034587  2.644765  5.755943  0.393040  
203  0.02685110  1.242317  6.664480  0.442434  
238  0.04751762  1.271493  5.502029  0.296419  
346  0.03500256  2.129551  13.717307  0.362690  
337  0.04875732  1.005066  11.072573  0.273911  
181  0.01470241  2.618030  11.945402  0.592647  
191  0.00688592  2.710623  7.056337  0.664411  
140  0.02448836  2.617725  14.656056  0.456778  
229  0.04837748  1.131291  14.485458  0.275559  
236  0.03620637  1.404553  8.404035  0.341372  
330  0.00443645  1.678182  11.686300  0.709456  
248  0.02635313  2.100314  10.833918  0.449179  
150  0.04863021  1.986297  6.440168  0.274613  
279  0.00344948  1.546892  14.159825  0.725936  
334  0.04167507  2.088839  14.194617  0.305925  
116  0.01697095  2.502609  12.892392  0.566462  
160  0.00960906  2.624866  13.580584  0.606365  
284  0.01887310  2.448225  13.969390  0.556757  
273  0.02692587  1.219367  9.652852  0.437841  
246  0.04990728  1.688559  11.526383  0.263611  
173  0.02922730  1.305368  13.323008  0.432821  
103  0.00866396  2.108127  8.410443  0.616634  
161  0.04908930  1.439344  8.693655  0.273438  
392  0.04000919  2.148167  13.435621  0.341159  
133  0.01558620  2.855647  14.625538  0.577967  
345  0.00706836  2.561266  8.548997  0.664197  
