392  0.02326511  2.852290  9.145024  0.554132  
385  0.03072420  2.515976  14.790643  0.372120  
128  0.03054775  1.854030  11.509903  0.392018  
105  0.02732365  1.929533  11.410108  0.482643  
294  0.01446764  2.908933  13.078860  0.648953  
302  0.03962636  2.734306  10.033418  0.315355  
141  0.02585366  2.191015  10.899228  0.501656  
352  0.04756249  2.399640  6.561022  0.255463  
279  0.02202094  2.055879  13.330027  0.597163  
210  0.02273424  2.674062  8.822748  0.572611  
197  0.02074087  2.570971  11.334727  0.608501  
360  0.02741188  2.439253  9.120304  0.427557  
331  0.04084960  1.482315  8.552355  0.289262  
399  0.03262038  1.023988  8.934751  0.350665  
326  0.03042512  2.518174  14.134800  0.419057  
193  0.04261718  2.563952  9.504837  0.286729  
314  0.01527515  2.026154  10.869625  0.647443  
225  0.03283871  2.263405  7.934355  0.331881  
186  0.01038816  2.449751  13.556475  0.692579  
229  0.01242491  2.967040  5.228278  0.655408  
229  0.01151421  2.303201  5.190130  0.685072  
104  0.03173360  2.527818  11.428724  0.371174  
167  0.00785644  2.376629  7.525407  0.713149  
227  0.03805618  2.325846  5.062563  0.316759  
219  0.02849455  1.121464  14.240394  0.421834  
239  0.04712433  2.182836  10.714591  0.256867  
233  0.00138881  2.796808  5.492874  0.727386  
324  0.04300150  2.095676  10.874508  0.279679  
232  0.01817176  2.243446  8.386639  0.636654  
352  0.02592544  1.917386  7.633442  0.488716  
