102  0.01196133  2.341594  14.984741  0.644696  
181  0.02745674  1.604755  7.451247  0.423559  
357  0.02501175  2.557848  14.303568  0.425604  
298  0.01421641  2.168249  9.445326  0.591456  
346  0.01548302  1.739158  13.404187  0.581172  
142  0.01967016  2.262795  5.627155  0.494942  
236  0.03575326  1.724387  11.550493  0.377506  
115  0.01579705  2.690054  11.535844  0.527734  
188  0.04413053  2.656362  6.651662  0.332827  
338  0.00746315  2.194433  9.022950  0.703749  
363  0.03715146  2.354167  11.125370  0.372547  
311  0.03075710  2.081637  10.766167  0.388371  
287  0.00639692  2.982177  11.123844  0.710799  
102  0.01073809  1.612262  9.710837  0.674894  
388  0.01983615  2.786676  5.048830  0.490852  
321  0.00610981  2.082430  7.280648  0.737854  
298  0.00530079  1.115116  10.651418  0.737960  
215  0.03923157  2.239357  13.118229  0.348529  
213  0.03395129  1.527787  11.049074  0.382679  
154  0.04298953  2.450423  7.585833  0.343600  
383  0.04761184  2.817194  14.943846  0.286760  
162  0.04729032  1.095828  7.481765  0.293214  
225  0.03470797  1.410413  11.404614  0.378422  
152  0.00446187  1.234931  6.708121  0.746475  
361  0.02153493  1.196112  11.099734  0.474708  
118  0.02198804  1.961333  8.166295  0.464286  
132  0.01554283  2.539659  10.012360  0.567331  
272  0.04449242  2.256386  12.249367  0.305986  
285  0.01175347  1.379894  14.745170  0.659375  
124  0.02231104  2.824885  12.155675  0.450354  
