253  0.02002307  2.086154  6.738945  0.536874  
138  0.02606302  2.605457  8.145238  0.519951  
330  0.01622025  2.444258  12.364116  0.561197  
197  0.01173553  2.636341  13.037049  0.668607  
239  0.04012882  1.989471  13.120060  0.315188  
356  0.03502200  1.974578  10.949583  0.411351  
160  0.01562209  2.157506  11.382336  0.596126  
125  0.03695557  1.671224  11.782128  0.361225  
257  0.02911814  2.634327  8.469649  0.460608  
335  0.00664516  2.633595  6.442915  0.742691  
195  0.04791241  1.103580  9.568926  0.271088  
282  0.00705490  2.820734  13.642842  0.705519  
229  0.03659517  1.561296  10.463118  0.374653  
323  0.03448515  1.862697  9.392834  0.436499  
115  0.01382611  1.746971  10.315409  0.638012  
126  0.01790558  2.119907  6.473128  0.553095  
353  0.00793420  1.276254  9.253975  0.682188  
188  0.01550246  1.654744  14.266030  0.610286  
331  0.04178274  1.000855  5.355846  0.295244  
208  0.03505490  1.827845  10.789361  0.394307  
295  0.03975646  1.218757  9.189581  0.324648  
265  0.00504059  1.499771  9.712363  0.748154  
269  0.01106110  1.862636  11.493423  0.674177  
169  0.02689895  2.369610  6.879330  0.469840  
280  0.04556313  1.954192  7.185430  0.292512  
384  0.03365072  1.063967  14.631947  0.448401  
384  0.04170647  2.677602  12.889340  0.310228  
325  0.04743538  2.454878  9.278085  0.280427  
282  0.01521833  2.650197  11.824854  0.632977  
306  0.02431788  2.575671  8.632618  0.522805  
