256  0.01099680  1.594195  5.485549  0.586222  
242  0.03733689  1.684774  13.916288  0.295747  
221  0.01842747  1.901517  12.239296  0.521386  
393  0.03210596  1.730491  14.700613  0.322390  
291  0.00296646  2.773370  5.115055  0.666288  
399  0.01867721  2.959166  8.257851  0.519555  
384  0.00885836  2.964293  10.841243  0.597575  
327  0.02376308  2.929685  6.882992  0.488929  
266  0.04480197  1.914212  5.866726  0.256180  
320  0.01104764  2.997314  9.740135  0.584834  
170  0.04908182  1.463332  8.965270  0.250320  
397  0.00730314  1.661275  10.811640  0.615139  
146  0.00758876  1.658406  10.268410  0.606014  
200  0.00136637  2.284707  12.824946  0.715331  
377  0.03295087  2.634938  9.479812  0.312975  
193  0.02311707  1.839930  9.861904  0.491508  
325  0.03428178  2.436262  7.847377  0.305803  
292  0.03016941  2.757622  9.976043  0.364185  
233  0.01563256  2.166540  5.437025  0.547830  
103  0.02262508  2.915220  14.776299  0.505898  
393  0.02029673  1.316477  13.632466  0.516884  
276  0.04062978  2.538926  6.875973  0.260834  
386  0.03188913  1.697165  8.819086  0.339404  
160  0.02801154  2.562365  9.551225  0.472495  
209  0.02865755  2.422529  13.158818  0.449179  
386  0.04314057  2.036653  7.192755  0.256394  
364  0.02279855  1.040223  8.444014  0.504494  
146  0.01106858  1.767418  11.413160  0.560053  
263  0.01808951  1.477676  5.543535  0.533837  
214  0.04569323  2.719047  7.209845  0.254288  
