198  0.02556804  2.191870  11.096072  0.503716  
273  0.03168874  2.119663  7.680136  0.404561  
305  0.03095450  2.041780  11.184271  0.415746  
266  0.00884490  2.877255  5.631428  0.681288  
146  0.02158129  1.186163  14.938658  0.582484  
381  0.02502222  2.123142  7.339854  0.518838  
149  0.00345845  2.001373  5.652486  0.713347  
389  0.01058855  1.688925  8.877987  0.664914  
399  0.03835676  2.861507  9.276559  0.403005  
247  0.02284939  2.340556  10.139622  0.554712  
396  0.00201987  1.876980  6.342204  0.747620  
137  0.04685516  1.895657  7.179937  0.345279  
400  0.04756099  2.598682  9.729759  0.336825  
158  0.00218137  2.181677  11.011536  0.740219  
113  0.04821149  1.508621  13.430433  0.312151  
306  0.04496496  2.405316  11.787011  0.362888  
264  0.00971972  2.095004  12.875912  0.675001  
140  0.04863320  2.148595  12.644887  0.283311  
293  0.04217603  2.683279  11.720481  0.368564  
213  0.00581072  1.133244  8.600574  0.710250  
338  0.04883059  1.235298  9.430982  0.250931  
291  0.02758535  2.350688  14.008759  0.419744  
238  0.02493249  2.265603  14.925840  0.547281  
119  0.01902264  1.394421  8.548997  0.583903  
173  0.02945460  1.123661  10.027924  0.419637  
314  0.03870070  1.101444  7.651448  0.390172  
202  0.01547554  1.395703  8.956420  0.635113  
397  0.01793249  2.158116  10.006867  0.592967  
154  0.03854070  2.337260  12.653127  0.392979  
106  0.01376928  2.410138  13.577532  0.647671  
