111  0.00606195  1.315744  5.773644  0.731704  
246  0.04759090  1.478896  13.584857  0.275712  
168  0.01554881  1.465957  5.807215  0.633282  
379  0.02747319  2.179968  12.519150  0.481910  
227  0.03761354  1.387158  14.372234  0.413289  
129  0.03063747  1.416211  14.589526  0.466926  
344  0.03308396  1.999176  6.450545  0.431539  
386  0.02405918  1.926298  6.418195  0.536264  
147  0.00761119  1.863124  10.453963  0.731414  
266  0.04930613  1.753868  13.474380  0.258057  
350  0.01067827  2.623035  6.797235  0.719131  
128  0.03947233  1.826868  8.924070  0.407674  
215  0.01443175  2.976012  11.356395  0.656049  
233  0.03030699  2.833613  9.592425  0.468314  
178  0.02088443  2.990051  9.017457  0.549844  
196  0.01397565  1.916044  13.725242  0.689405  
248  0.00848152  2.904904  7.797327  0.726241  
111  0.04694040  2.813837  8.558458  0.351032  
110  0.01931574  2.024018  11.913053  0.597514  
356  0.02978957  1.236457  13.524735  0.471976  
232  0.04407370  2.183874  8.997009  0.398427  
145  0.02715018  1.667318  8.541368  0.493141  
392  0.01082781  2.822993  8.630787  0.715712  
198  0.01977035  1.760460  7.474136  0.581004  
304  0.04943324  1.114261  12.744682  0.251083  
235  0.03284021  1.229011  5.790735  0.453223  
100  0.02246208  1.221381  9.469131  0.548288  
274  0.02668661  2.893124  9.875027  0.503426  
179  0.01674664  1.743736  6.964476  0.609783  
135  0.04622410  1.607440  14.718619  0.382694  
