141  0.04246764  2.007355  7.624897  0.288575  
312  0.03169771  2.673940  7.440870  0.332873  
190  0.00459047  1.201788  8.088168  0.623821  
213  0.02540355  1.205023  8.037812  0.425390  
302  0.02891775  1.057619  9.848170  0.375141  
387  0.03385559  2.980285  14.307840  0.327654  
149  0.01931275  2.349773  11.862697  0.504173  
324  0.00805084  1.882900  12.874996  0.566309  
384  0.02544392  2.449446  12.387005  0.409047  
324  0.00140974  2.858211  5.395825  0.744766  
386  0.02935441  2.591601  12.979064  0.345767  
309  0.01451997  1.648824  11.628925  0.545099  
106  0.04310318  1.364513  14.471725  0.281236  
223  0.01851570  2.722831  8.681143  0.521767  
373  0.00593933  1.557512  10.387738  0.601375  
371  0.00895856  2.026582  9.436781  0.549341  
220  0.00282141  2.974853  11.183966  0.649167  
342  0.02264153  1.341624  10.997497  0.453986  
311  0.04486627  2.701590  9.510331  0.254013  
329  0.02989425  1.447890  7.581561  0.344775  
313  0.03630955  2.845088  8.668325  0.318361  
182  0.04000320  1.255196  12.971129  0.307833  
138  0.02627088  2.213721  9.805445  0.405736  
235  0.01630100  2.800470  6.522874  0.535485  
297  0.00575390  2.995300  14.440291  0.610469  
144  0.04058492  2.780633  5.221259  0.292817  
373  0.03741914  2.498947  13.836634  0.317507  
194  0.02269686  1.339305  13.474990  0.432806  
132  0.03845845  1.686544  11.855373  0.312426  
110  0.02676437  1.409131  13.647114  0.387425  
