237  0.01331767  2.076022  8.848384  0.609722  
154  0.01008759  1.369518  7.963652  0.641522  
124  0.01965819  2.973449  14.353923  0.593669  
180  0.03648750  1.272103  12.838984  0.431173  
340  0.02302435  2.336161  10.501572  0.573893  
201  0.03532557  2.360454  11.589557  0.479774  
350  0.02912113  2.357524  6.644032  0.515938  
112  0.02654753  1.128483  5.889309  0.557138  
243  0.00294403  2.962157  9.952239  0.729598  
218  0.03774813  2.595691  12.601856  0.413274  
316  0.01299765  1.155889  10.058138  0.628811  
325  0.00219184  1.894803  13.435926  0.735549  
161  0.02379000  2.753349  8.337809  0.568216  
251  0.04560201  1.320811  6.755119  0.294893  
223  0.04534779  2.203894  8.519089  0.310015  
113  0.02036851  1.090884  10.280313  0.587230  
246  0.00978552  2.149571  6.644642  0.656629  
312  0.00565819  1.898038  5.946684  0.722350  
191  0.02876223  1.160039  6.174352  0.534127  
221  0.01591818  2.954222  13.982208  0.598781  
292  0.03605084  2.067049  14.416486  0.460791  
102  0.04612989  1.863796  13.598285  0.266831  
286  0.02970135  2.696280  5.803247  0.499779  
391  0.00653301  1.592608  13.803980  0.668928  
127  0.04534181  1.832240  11.993927  0.392506  
292  0.02685260  2.256447  10.995361  0.553583  
212  0.04619868  2.191198  14.660024  0.261338  
117  0.04821299  2.689566  11.397290  0.258988  
173  0.02083059  1.276009  10.357830  0.584010  
156  0.04433390  2.025483  7.396313  0.412221  
