308  0.01185815  2.490402  14.324625  0.496071  
178  0.00399380  2.070833  8.536790  0.714095  
309  0.01006815  1.049989  7.627949  0.609264  
300  0.00663768  2.335673  11.722312  0.661252  
284  0.03156462  2.294961  6.120029  0.398656  
273  0.04627494  2.448714  12.220679  0.271424  
121  0.00776223  2.228858  6.285440  0.631222  
187  0.04367443  2.577746  8.643300  0.305910  
338  0.03577718  1.742210  8.656423  0.353885  
241  0.04443858  2.653249  12.444380  0.272156  
180  0.02357466  1.259041  10.181738  0.429479  
105  0.01489831  2.899289  6.869259  0.459876  
171  0.02484426  1.739708  9.067812  0.413915  
159  0.03215232  2.664846  12.964110  0.383183  
218  0.04856142  1.319285  5.394299  0.255448  
271  0.02698868  1.066958  12.462996  0.413228  
255  0.04122944  2.615894  14.502243  0.349796  
230  0.00403867  2.759941  10.359661  0.707823  
155  0.00140675  2.152074  13.991668  0.715270  
129  0.02748814  2.473861  14.983520  0.409703  
264  0.01206751  2.649648  5.429395  0.484230  
241  0.01105661  2.082675  11.712546  0.580576  
146  0.00514676  1.431532  14.772942  0.696821  
114  0.04397650  1.103275  9.273812  0.300493  
238  0.02093976  2.041353  7.326731  0.433691  
103  0.02934245  2.954711  6.207617  0.402532  
183  0.04648280  1.728538  10.040132  0.257385  
265  0.01678103  2.262856  10.707266  0.439306  
269  0.02428349  2.887509  12.304605  0.423101  
357  0.03280282  2.235511  10.975829  0.354175  
