256  0.00538453  2.135655  12.472152  0.723052  
352  0.01078295  2.899655  6.701712  0.675169  
390  0.01235463  2.722159  7.239753  0.614315  
249  0.03825956  2.046663  6.483810  0.420507  
377  0.03813395  2.615345  11.152532  0.428716  
379  0.04831916  2.310892  12.317118  0.261048  
354  0.02212711  2.187109  9.971465  0.588084  
378  0.01437342  1.171270  11.791284  0.610332  
278  0.04743837  2.132725  10.826899  0.275300  
157  0.00573147  1.060793  12.745903  0.722350  
388  0.02204187  2.393475  10.128636  0.596416  
291  0.01120316  1.442030  14.979553  0.616375  
199  0.03579513  2.636647  13.440809  0.493248  
398  0.04060286  2.917722  10.512558  0.402181  
210  0.00703397  2.536851  6.146886  0.717956  
158  0.00961205  2.429731  9.073305  0.700316  
164  0.02676586  1.950285  6.026032  0.572260  
115  0.03216877  1.622456  10.190893  0.503197  
378  0.02970284  1.329661  5.040895  0.543863  
180  0.04334544  2.745415  8.758354  0.389286  
367  0.02729225  1.634663  13.999908  0.564417  
290  0.02100107  1.302133  8.455000  0.597957  
274  0.01607370  2.811701  6.492660  0.600536  
273  0.04404379  1.268136  8.216651  0.295061  
368  0.03873510  2.887631  13.932157  0.414113  
197  0.03243345  2.340312  12.272561  0.498390  
100  0.02282247  2.102329  7.818079  0.579203  
278  0.01098334  2.611316  5.383618  0.639157  
311  0.00177462  2.539659  14.852596  0.747360  
228  0.04479150  1.516495  13.057802  0.283418  
