267  0.04940184  1.656636  11.375011  0.253571  
242  0.00480880  2.138890  12.947325  0.738968  
372  0.02585067  2.210974  12.151708  0.511650  
323  0.00595877  2.228919  9.590899  0.703032  
161  0.01293783  1.587909  10.976440  0.676298  
122  0.02805789  2.846065  11.394543  0.465430  
156  0.00426447  2.690237  13.145085  0.741379  
345  0.02230506  1.610126  7.523576  0.603710  
184  0.02834501  2.619190  8.869747  0.445502  
242  0.02673894  1.415052  14.424116  0.485298  
236  0.04363256  2.599048  8.357036  0.266526  
204  0.03549605  2.351176  8.274331  0.302522  
332  0.03353108  1.225654  9.842372  0.400777  
383  0.02677035  1.759117  12.032380  0.473319  
357  0.02483081  1.403882  7.592547  0.529931  
371  0.04223286  2.043977  5.135197  0.276078  
117  0.02910916  1.532121  14.023103  0.441046  
307  0.00253429  1.367626  11.590167  0.749908  
101  0.01809101  1.838160  14.854732  0.656690  
278  0.02545439  1.856960  9.394360  0.513878  
296  0.02154689  1.525346  14.933164  0.606944  
211  0.03034437  2.764580  12.217627  0.411046  
151  0.01639521  1.797143  11.173284  0.660749  
362  0.01501495  1.354198  14.293802  0.672880  
114  0.00810767  2.146641  14.356975  0.691420  
314  0.03009763  1.391980  12.774590  0.432531  
315  0.02384683  2.767693  9.406262  0.586818  
130  0.03438496  1.272408  9.628437  0.349078  
123  0.02354476  2.825129  10.590075  0.600078  
160  0.03990301  2.232948  8.775750  0.280396  
