270  0.04115018  2.855953  10.075533  0.287614  
116  0.00839329  1.066713  14.807123  0.592570  
380  0.04792138  2.014863  11.628925  0.250153  
157  0.03295834  2.484115  8.544420  0.378910  
103  0.00486712  1.475051  12.300027  0.683271  
103  0.02556655  1.039125  13.175604  0.400319  
191  0.04046379  2.299234  9.863430  0.292009  
214  0.02546635  2.592517  13.915677  0.455878  
271  0.00661525  1.755821  8.891415  0.654553  
276  0.00105832  1.860927  5.430006  0.688520  
309  0.04587866  2.622791  9.838404  0.277100  
114  0.02385430  2.967467  5.805078  0.460791  
181  0.01583444  1.741661  9.669332  0.481223  
392  0.01573873  1.302744  14.919126  0.482429  
236  0.00101047  1.216010  5.641804  0.715697  
385  0.02109528  2.681082  9.952849  0.473762  
117  0.02031468  2.432417  12.063814  0.478248  
319  0.03444478  2.983703  12.654347  0.332080  
258  0.02126576  1.772973  9.485000  0.463187  
190  0.03141209  1.469436  13.153935  0.389454  
294  0.00412241  1.737449  13.064211  0.683393  
332  0.03394382  2.952574  14.841609  0.351566  
246  0.01069472  2.445662  8.037507  0.560663  
313  0.03012754  1.347301  5.289926  0.397679  
287  0.04007349  2.401715  11.579485  0.319430  
333  0.02763170  2.913755  10.743583  0.400029  
360  0.01215574  2.217505  8.076876  0.554010  
259  0.03296731  1.148015  7.478408  0.354038  
100  0.01442277  2.966857  5.270394  0.499229  
264  0.03749840  1.910123  13.687704  0.330828  
