190  0.04345610  2.217872  8.018586  0.332949  
242  0.03456890  2.302530  11.640522  0.395665  
131  0.04493954  1.830164  10.916929  0.327166  
285  0.03938710  1.275399  13.027894  0.371357  
268  0.00286477  2.540819  6.887265  0.692701  
384  0.04050716  1.168218  11.812647  0.354862  
393  0.03197736  1.463637  12.382427  0.424657  
297  0.03009314  2.668752  9.880215  0.436178  
386  0.00694275  2.129856  7.291330  0.668378  
392  0.01059154  2.222083  12.506333  0.663892  
156  0.04074941  2.855464  5.239570  0.352542  
371  0.04632130  2.003143  14.438154  0.314287  
146  0.02904038  2.292276  13.964202  0.442816  
136  0.04573659  1.428663  14.433271  0.326891  
158  0.00343452  1.236702  12.119663  0.677107  
158  0.03902072  1.082095  7.682272  0.374165  
101  0.03441337  1.403943  14.433882  0.422185  
212  0.04816813  2.097079  12.903989  0.277879  
153  0.04728584  1.156255  7.842799  0.311495  
358  0.02117454  1.754845  5.298166  0.472327  
185  0.01935612  1.369213  13.385876  0.612209  
187  0.02026682  2.538255  9.215827  0.564081  
263  0.03535847  1.964934  8.400983  0.390568  
118  0.04951250  2.403851  6.612598  0.262116  
100  0.02323820  1.395764  7.277291  0.450919  
226  0.03581606  1.835841  10.341960  0.386418  
362  0.01808951  1.772973  12.847530  0.630505  
313  0.01722965  1.576739  6.362346  0.640698  
171  0.01085922  1.649739  10.770440  0.663587  
199  0.01993484  1.042604  7.233345  0.566752  
