299  0.03531361  2.942564  12.161779  0.431585  
319  0.04321982  2.575976  12.108676  0.300966  
119  0.03705725  2.351543  11.541337  0.361545  
161  0.03748943  2.115390  7.046571  0.345843  
271  0.03588784  1.177740  14.147008  0.397069  
312  0.01384405  1.816797  5.105289  0.678739  
276  0.00291562  2.875484  5.033570  0.719985  
202  0.00124375  1.900662  9.609516  0.722167  
243  0.02062572  1.274850  8.426008  0.566263  
284  0.04280709  2.768548  7.441176  0.305971  
283  0.00354817  2.416303  5.714133  0.700041  
268  0.03857060  1.483291  13.438978  0.344562  
154  0.04863170  1.595172  10.600757  0.299623  
350  0.01310981  2.289224  13.260445  0.682295  
398  0.03779897  2.784295  6.395611  0.345798  
349  0.03593271  2.211341  11.619160  0.374790  
369  0.01673766  2.323160  9.626606  0.644345  
109  0.01567742  1.168279  6.878719  0.649457  
163  0.03081841  2.891659  12.187414  0.447287  
125  0.04100662  2.708853  12.860652  0.340335  
250  0.02818500  1.572039  7.481460  0.489586  
129  0.04463897  1.688131  5.608844  0.300172  
136  0.01789062  1.493240  10.639210  0.621044  
275  0.04165563  2.189856  8.040559  0.339618  
290  0.03519697  2.400006  5.174261  0.431814  
349  0.02881906  2.017975  10.101169  0.489463  
265  0.01942341  1.743309  14.637440  0.568613  
335  0.01756163  2.384991  7.551347  0.629589  
277  0.01261931  2.798212  14.169591  0.684645  
233  0.02947404  2.252113  10.019684  0.458182  
