292  0.04351891  2.131382  9.618061  0.351215  
125  0.00881500  1.394543  9.756310  0.647351  
145  0.03326789  1.714866  7.279733  0.479453  
291  0.01777847  1.905301  7.862636  0.561365  
261  0.04001367  1.359325  11.659139  0.396077  
202  0.01919611  1.779565  5.875271  0.521859  
178  0.03214035  1.176519  8.097629  0.485054  
197  0.04212668  1.677755  8.737602  0.355518  
230  0.04641252  1.722556  8.013703  0.250168  
285  0.03749391  2.203406  11.606342  0.441809  
314  0.00216941  1.569292  13.022095  0.746612  
312  0.00275411  1.301950  8.908506  0.730667  
256  0.00660329  2.557543  6.648000  0.720840  
101  0.04356825  2.937193  10.797601  0.343799  
317  0.01663897  2.143406  14.947203  0.619518  
357  0.03973254  2.284097  10.923032  0.405171  
353  0.04178274  2.318155  6.344646  0.374882  
390  0.03751933  2.540452  11.486709  0.411580  
279  0.03694809  1.802026  12.671133  0.443350  
224  0.01682888  1.352733  8.136387  0.611278  
289  0.01746742  2.843562  13.934599  0.586406  
134  0.00766204  2.030488  9.610126  0.648724  
199  0.02786648  2.238868  5.093081  0.487281  
291  0.03833583  1.426527  6.440168  0.408727  
129  0.01903311  2.379925  10.222633  0.533975  
327  0.02266247  1.852382  10.704520  0.500389  
216  0.04495001  2.484603  14.256264  0.312471  
210  0.04030528  1.914640  6.012299  0.380360  
180  0.04065670  2.918577  11.164739  0.378422  
175  0.02055095  1.962004  14.909055  0.517357  
