237  0.03223756  2.927183  6.299478  0.435018  
148  0.00130656  1.160894  10.897397  0.747940  
354  0.01008460  2.412885  5.861843  0.682112  
220  0.01894937  2.335246  5.577105  0.646924  
231  0.02394702  1.866359  14.386578  0.611766  
145  0.03918522  2.845882  9.233528  0.288057  
304  0.02214057  1.437086  7.934355  0.617077  
398  0.02525999  2.215369  6.820734  0.518181  
251  0.04725294  2.666799  12.664418  0.256180  
362  0.02787097  1.157537  11.934721  0.483848  
345  0.04134458  2.848201  11.835536  0.281175  
305  0.02810276  1.410901  10.284890  0.483726  
227  0.02787097  2.570177  5.322886  0.503059  
303  0.00976907  2.544908  12.643361  0.693052  
313  0.02459004  2.014924  10.671560  0.554727  
197  0.03478722  1.957244  6.479537  0.322146  
109  0.02455116  1.231025  9.814905  0.575465  
355  0.00876864  2.865291  6.764275  0.707320  
281  0.01827345  2.175512  7.084719  0.659284  
392  0.04610746  1.453627  10.971557  0.263016  
110  0.01617539  2.037324  8.296609  0.674863  
157  0.02937684  1.739463  12.394635  0.464026  
285  0.00475497  2.486740  13.769494  0.723220  
292  0.03122068  2.388714  10.752739  0.450858  
103  0.00858620  2.278237  6.354106  0.722091  
127  0.02304379  2.925718  10.958739  0.616527  
271  0.03260543  1.326548  5.175481  0.375111  
115  0.03890707  2.766594  11.096988  0.312899  
341  0.02782760  1.223029  13.080081  0.514962  
360  0.01918863  2.525925  10.364544  0.633923  
