121  0.01349263  2.414045  6.969359  0.615032  
223  0.01799530  2.346660  8.217872  0.602458  
159  0.03192950  2.171911  11.554765  0.410710  
233  0.00595279  1.836940  8.490097  0.683958  
369  0.01417154  2.307291  14.807733  0.611187  
269  0.02221384  1.808496  8.038423  0.512795  
110  0.04291626  1.541948  13.807031  0.295305  
118  0.00322965  2.657949  9.817347  0.706465  
169  0.03441487  2.843135  8.992737  0.387837  
226  0.02927665  1.155705  6.388897  0.433279  
294  0.04118458  1.051332  9.304331  0.297685  
151  0.01099680  1.868007  13.019654  0.656552  
318  0.00136189  1.080813  6.570177  0.730499  
133  0.04945717  2.670217  10.941649  0.268815  
360  0.02189532  2.063021  11.043886  0.538888  
149  0.03046251  1.085635  12.320475  0.426778  
396  0.04914762  2.312357  7.425306  0.276872  
310  0.04745781  2.729606  10.194250  0.283906  
200  0.04955586  2.151646  8.302408  0.258789  
132  0.03708866  2.222633  10.435347  0.315706  
238  0.00120786  2.700735  5.952483  0.742874  
387  0.00983786  1.801050  9.822535  0.678037  
245  0.02444200  2.955199  10.108798  0.498100  
129  0.00500021  2.745048  5.906095  0.695204  
188  0.03523435  1.110721  14.848933  0.352496  
104  0.02479043  2.922605  11.701254  0.480232  
372  0.02600919  1.374279  8.503525  0.449759  
241  0.00882546  1.453505  12.643666  0.679716  
151  0.02708438  2.693106  12.600330  0.435247  
206  0.02053749  1.985748  5.919523  0.588404  
