324  0.03496069  2.784722  9.408094  0.345874  
121  0.02855586  2.274026  14.848628  0.516488  
258  0.02604358  1.991302  12.801447  0.552423  
245  0.01407883  2.410810  6.603442  0.645947  
394  0.04052062  2.420087  11.327708  0.328845  
287  0.04181713  2.344279  8.871273  0.276749  
281  0.03141807  1.211432  7.674337  0.450217  
168  0.02817454  1.458876  11.789758  0.548288  
126  0.03205960  1.428663  14.363384  0.446677  
396  0.04477505  2.695853  8.693045  0.263016  
183  0.04313010  2.207129  6.703848  0.269791  
279  0.02144969  1.086123  5.653401  0.602138  
205  0.04090643  1.878018  13.951079  0.302370  
149  0.04111728  1.370190  11.293832  0.295732  
104  0.04028883  2.697378  11.687216  0.338015  
209  0.02944713  1.785546  13.128910  0.485801  
373  0.00884191  2.628101  6.221656  0.730560  
225  0.04641252  2.719901  12.504196  0.260376  
271  0.03269665  1.596393  12.196265  0.402745  
267  0.02949348  1.568255  10.518967  0.467658  
273  0.01318757  1.020508  13.905301  0.653562  
356  0.03581158  2.061922  13.452101  0.338641  
118  0.01034031  2.447554  5.320750  0.700880  
246  0.01766631  2.790887  9.333628  0.638836  
270  0.02226170  2.072787  9.675741  0.574641  
296  0.03425636  2.882321  8.747673  0.359348  
263  0.00592138  1.017090  13.008057  0.731017  
281  0.01156206  2.065096  13.899503  0.661466  
271  0.03412775  2.737785  13.502152  0.390110  
390  0.01996774  2.903439  11.719260  0.628201  
