224  0.01595257  1.182318  5.642415  0.643323  
226  0.01247426  2.596484  14.488205  0.677641  
296  0.04365499  1.785058  11.223640  0.306536  
107  0.00914249  2.131321  11.093936  0.681623  
271  0.01108203  1.107303  13.814356  0.681333  
185  0.00791775  1.126225  12.605213  0.693175  
135  0.02004251  2.689993  5.822169  0.622784  
248  0.04101709  1.570696  13.294626  0.324038  
393  0.04764922  2.449263  12.428510  0.256546  
121  0.01548750  2.914182  8.522752  0.651791  
310  0.01296326  1.898099  12.522813  0.672803  
114  0.03087524  1.146062  8.899045  0.421041  
126  0.01830186  2.295572  11.038087  0.626156  
229  0.02070797  2.733451  10.627003  0.614483  
229  0.04577548  2.311808  6.350749  0.278031  
134  0.03246934  2.940672  11.683554  0.402577  
354  0.02631574  1.396069  12.462996  0.428549  
317  0.04522517  1.825159  6.926328  0.279038  
381  0.00606644  1.036317  5.613727  0.732635  
240  0.04484085  2.252724  9.463637  0.290284  
372  0.01524375  2.761162  5.069582  0.655759  
196  0.03483508  1.858669  11.899319  0.357105  
365  0.03218522  1.300424  14.347209  0.406453  
302  0.02538411  2.245277  10.600452  0.510186  
325  0.00467122  2.044343  8.276467  0.737609  
338  0.00716556  1.098331  10.236061  0.719222  
271  0.03661162  2.067660  9.391614  0.351688  
318  0.02551869  1.583880  5.680563  0.430502  
228  0.03320359  1.773644  10.342265  0.397374  
160  0.04402435  1.590716  5.285653  0.298631  
