106  0.00855928  1.111209  6.062960  0.688337  
203  0.00494937  2.061434  10.550096  0.726089  
188  0.00604102  1.792749  5.564592  0.705519  
331  0.02250246  2.327799  7.010559  0.608745  
397  0.03033390  1.677328  8.871578  0.462775  
290  0.02279556  1.020325  11.210822  0.538659  
378  0.03551848  2.920042  11.299936  0.351733  
297  0.03714399  2.569384  5.857875  0.296022  
241  0.01482354  1.253975  13.908353  0.649625  
157  0.00873125  2.782708  9.191717  0.681425  
283  0.00437214  1.540666  10.136265  0.727737  
388  0.03893997  2.786370  14.351482  0.264191  
301  0.03629759  2.830195  10.092013  0.350284  
190  0.03646507  1.152287  9.998627  0.346576  
225  0.02871886  2.965819  14.486068  0.493019  
126  0.01212882  2.526719  9.998016  0.655759  
149  0.03770476  1.177801  14.052095  0.280305  
161  0.03817582  1.403088  14.978027  0.280045  
361  0.04425166  2.425275  10.551317  0.255402  
247  0.03327088  1.799707  6.901303  0.447119  
332  0.04613288  1.719138  8.366497  0.253861  
329  0.03144200  2.743034  10.603198  0.462683  
271  0.01678851  2.539415  7.509537  0.615627  
160  0.02983444  2.886044  14.861751  0.475822  
112  0.01588827  2.991760  5.836207  0.618343  
267  0.03770476  2.547960  11.222724  0.538659  
372  0.03843004  2.793451  6.642506  0.279618  
184  0.03655181  1.197943  12.718131  0.345187  
238  0.04184854  1.773705  13.856166  0.259583  
116  0.03680902  2.177221  8.072604  0.337985  
