224  0.03526276  2.578845  6.965087  0.375187  
141  0.03229139  1.503494  11.240730  0.536187  
205  0.04423969  2.931822  7.945341  0.308168  
120  0.03266823  1.183782  12.374798  0.492546  
346  0.01300961  2.363567  8.924070  0.669126  
133  0.03275796  2.825983  5.885037  0.430319  
272  0.01051079  1.054262  8.504440  0.743820  
116  0.03556484  1.731651  5.327464  0.372318  
188  0.02754198  2.553575  12.724235  0.555582  
165  0.01177889  2.332011  14.723502  0.689100  
375  0.04245717  1.931791  9.851222  0.333041  
256  0.03612113  2.032258  12.805414  0.371448  
371  0.02263704  2.608264  12.846309  0.559198  
238  0.03247682  1.520157  11.863918  0.532464  
232  0.02022645  2.947935  5.609760  0.572321  
133  0.02148408  2.613758  7.574847  0.563730  
363  0.04491562  1.972442  5.318613  0.302400  
287  0.01408481  1.023011  11.670736  0.628063  
251  0.04239586  2.443098  9.507584  0.343814  
274  0.01073959  2.234046  6.847591  0.704695  
295  0.04733967  1.387036  9.305857  0.291414  
386  0.00572250  1.334971  14.096347  0.744140  
347  0.03275796  1.113102  5.644246  0.347095  
186  0.01309037  1.251167  7.971892  0.637585  
170  0.03620188  2.141331  9.574114  0.347095  
291  0.04987738  1.778161  6.442000  0.255753  
195  0.01597501  1.505387  7.297433  0.615902  
206  0.03285067  1.263192  10.086520  0.427068  
384  0.01798633  1.829127  11.402478  0.578928  
236  0.01688272  1.019471  11.854762  0.586222  
