395  0.04076287  2.675649  8.324076  0.259995  
161  0.02474557  2.830439  14.541002  0.460227  
117  0.01102670  2.171117  14.492172  0.709578  
268  0.01220658  1.450514  9.874111  0.693831  
296  0.02774386  2.066744  6.225623  0.403279  
265  0.02159474  2.091159  11.897488  0.530007  
198  0.01936509  1.466384  7.446974  0.575358  
328  0.02277462  2.743706  9.345225  0.476569  
360  0.03965627  1.673421  10.930662  0.285707  
266  0.04387780  2.086093  8.331400  0.256592  
106  0.03770626  1.235359  9.382153  0.331591  
164  0.04115018  2.896359  9.004944  0.256729  
291  0.02604209  2.553941  8.366802  0.454276  
188  0.01321448  1.600604  9.234443  0.612712  
221  0.03388998  1.616169  10.220191  0.351917  
383  0.01984661  2.075533  6.057772  0.543283  
229  0.03009763  2.752312  12.879574  0.388859  
157  0.01432707  1.340098  12.837764  0.580210  
174  0.02677334  1.078188  6.246681  0.405644  
128  0.01254305  1.576617  8.051546  0.692366  
130  0.00781457  2.692923  7.558672  0.728607  
265  0.04945866  2.249672  11.670125  0.251144  
217  0.00993655  1.013855  12.478256  0.711241  
192  0.00148750  1.207038  8.368328  0.746536  
123  0.00210660  1.110782  6.542100  0.736145  
364  0.02182354  1.790429  14.658803  0.480827  
369  0.03512220  2.772271  8.411664  0.340884  
143  0.01287652  1.408765  10.637379  0.675687  
278  0.01802969  1.578936  8.348796  0.578028  
149  0.02311707  2.986084  7.685018  0.471961  
