333  0.00979897  1.696066  8.712882  0.616146  
388  0.01947725  1.431288  12.390667  0.583079  
166  0.04780175  2.696036  14.315775  0.278916  
300  0.04457915  2.050447  5.415052  0.319689  
372  0.01277633  1.726035  5.410779  0.614406  
140  0.03629310  1.868068  13.266549  0.376698  
252  0.03273104  1.996979  11.189154  0.382923  
266  0.01969109  1.410962  12.206336  0.572367  
128  0.04526554  1.133061  13.158208  0.319002  
111  0.00653749  2.868587  8.077181  0.692244  
396  0.01475625  2.648488  11.943571  0.608303  
355  0.00400876  1.937773  14.912717  0.733489  
350  0.02128220  2.942442  14.118320  0.466712  
310  0.03071224  2.338969  10.052644  0.393162  
202  0.01971203  2.992065  13.881497  0.551721  
399  0.02816706  1.193304  5.395520  0.432424  
352  0.04183059  2.611866  14.047823  0.347690  
256  0.04604315  1.443068  14.571825  0.280213  
104  0.02300043  1.997650  8.084201  0.449545  
281  0.01758705  1.513504  5.554827  0.597468  
343  0.04173040  2.525864  6.129490  0.356510  
392  0.04809485  1.717124  8.694876  0.271393  
115  0.02982247  2.689505  9.271981  0.402409  
270  0.04992972  2.733634  12.690359  0.256821  
253  0.02952937  1.868862  14.124119  0.421712  
308  0.01081585  1.109745  6.809748  0.615780  
224  0.03262038  2.607288  10.134129  0.385487  
166  0.02080816  1.371166  8.009430  0.484870  
301  0.00939821  1.440321  11.397900  0.621075  
356  0.00881051  1.260750  7.703330  0.639966  
