279  0.02488763  1.365123  9.198737  0.436560  
301  0.01780090  1.078188  6.091037  0.569132  
327  0.02139286  1.972930  7.395093  0.511605  
171  0.04109336  1.330454  13.370922  0.309587  
345  0.03000491  2.370586  6.295816  0.355686  
388  0.03229588  2.175817  8.120212  0.327563  
143  0.02602414  1.517594  8.113498  0.360843  
373  0.01115082  2.692129  14.877010  0.693876  
258  0.03026212  2.766045  14.684744  0.346133  
171  0.01519739  1.083132  6.702017  0.630337  
303  0.02052254  2.457747  12.143162  0.560053  
377  0.04856441  1.800684  5.579546  0.253449  
274  0.04870797  2.655751  13.899197  0.252258  
268  0.03301965  1.453200  5.072634  0.325594  
168  0.01469643  1.714316  8.838618  0.657636  
369  0.00995450  1.549089  7.029176  0.717284  
331  0.02400534  1.680197  12.383648  0.486518  
255  0.01141401  1.828455  8.517869  0.661435  
165  0.00880902  2.705130  10.180517  0.736709  
387  0.01058705  2.426191  7.857753  0.714705  
130  0.02493100  2.000946  13.971526  0.397984  
197  0.04764174  1.628559  10.807367  0.263001  
294  0.04237492  2.620411  12.889950  0.273774  
366  0.04035911  1.786950  10.965758  0.313143  
247  0.00368126  1.757469  7.276681  0.747543  
250  0.04403781  2.282144  13.465224  0.263489  
312  0.01525871  1.577410  12.360759  0.579325  
377  0.02549028  2.549486  9.325694  0.386784  
174  0.02664623  2.059969  12.058016  0.356784  
361  0.03599103  1.315989  10.683157  0.324297  
