234  0.03603439  1.216498  14.970397  0.338916  
120  0.00667956  1.629536  5.708945  0.710097  
127  0.03478872  1.579363  11.616413  0.378956  
390  0.01547703  2.214026  7.690207  0.614925  
261  0.01894787  1.300668  10.332499  0.547082  
213  0.03101880  1.426344  6.653493  0.429937  
382  0.02332493  1.797449  5.292062  0.506096  
253  0.03566503  1.857387  5.393078  0.342273  
318  0.01943986  1.882107  10.052950  0.507775  
130  0.01642213  2.671316  5.977508  0.604381  
208  0.03580560  2.979797  10.121921  0.341632  
153  0.03463469  2.360149  9.098025  0.385319  
377  0.02961013  1.597186  14.551378  0.463309  
115  0.01890002  1.952605  8.163244  0.549554  
349  0.02930805  1.933927  5.715964  0.485237  
163  0.01674514  1.111270  14.127781  0.569056  
248  0.03753279  1.653096  14.513230  0.275880  
152  0.03439842  2.228431  6.909848  0.392018  
314  0.03486499  1.614948  11.425062  0.362629  
146  0.02967293  1.836634  6.142613  0.452658  
346  0.00283786  2.068331  8.533738  0.724853  
303  0.01053621  1.640400  9.179815  0.703413  
138  0.03279086  1.641499  9.850002  0.395802  
167  0.03664901  2.492477  8.987854  0.277650  
281  0.01345375  1.729637  13.512528  0.624798  
288  0.03298975  2.940794  10.042268  0.392689  
271  0.01606473  1.784082  5.765099  0.608394  
286  0.00394147  2.803888  7.864162  0.717544  
391  0.03092309  2.827570  9.368114  0.438925  
237  0.03882034  2.844966  8.632923  0.266495  
