0.0607692   5924.24   3668.33   
0.0300391   6109.48   4070.35   
0.0169135   6272.72   4407.58   
0.0505193   5972.22   3774.19   
0.0342173   6075.79   3994.94   
0.0547256   5950.51   3722.57   
0.0894315   5830.72   3456.52   
0.0554277   5947.09   3716.08   
0.0830056   5848.74   3475.11   
0.00739591   6517.14   4901.14   
0.0265946   6143.13   4156.98   
0.0516726   5966.56   3756.09   
0.0525528   5961.31   3746.96   
0.024096   6172.15   4187.56   
0.0303944   6105.96   4062.24   
0.0961847   5836.83   3393.76   
0.0530172   5960.97   3742.4   
0.0217159   6200.64   4259.28   
0.0681411   5910.6   3599.61   
0.0134922   6339.1   4543.47   
0.00695447   6531.42   4916.36   
0.00200495   6908.94   5628.24   
0.0176241   6260.14   4378.74   
0.0786219   5865.93   3515.46   
0.0816807   5854.46   3494.32   
0.0855328   5845.37   3472.75   
0.0650615   5907.56   3620.2   
0.00721149   6522.97   4926.29   
0.0991146   5812.21   3391.98   
0.0136817   6332   4522.14   
0.0383878   6041.69   3924.12   
0.0840423   5848.09   3468.22   
0.0584238   5932.03   3682.33   
0.0943694   5818.42   3416.49   
0.0330611   6083.92   4035   
0.00187079   6929.44   5662.89   
0.0148082   6320.98   4473.71   
0.0244291   6162.21   4178.96   
0.0637113   5915.91   3639.48   
0.0877451   5835.17   3469.62   
0.00218321   6880.77   5573.37   
0.00431697   6678.56   5197.18   
0.00312505   6771.47   5366.16   
0.0717715   5884.05   3580.95   
0.00298918   6789.91   5397.15   
0.0487021   5979.68   3793.71   
0.0324676   6086.86   4015.72   
0.0238248   6175.97   4199.3   
0.00282466   6810.47   5415.74   
0.00623513   6565.43   4976.71   
0.0807003   5856.93   3490.94   
0.0336732   6078.53   4003.52   
0.0998523   5813.16   3378.76   
0.0417416   6020.99   3871.61   
0.0912978   5827.46   3436.95   
0.0476631   5985.49   3802.81   
0.00212013   6897.42   5595.18   
0.00571539   6599.27   5020.39   
0.0481335   5983.88   3796.2   
0.00632796   6559.92   4966.81   
0.00400482   6695.5   5224.56   
0.0979214   5814.47   3395.45   
0.0520081   5963.88   3752.47   
0.0366658   6052.77   3950.43   
0.0208627   6216.15   4270.33   
0.0248396   6160.57   4189.36   
0.0936607   5822.85   3409.15   
0.00377212   6718.61   5275.43   
0.028769   6124.09   4084.07   
0.0110608   6392.38   4642   
0.0626117   5917.75   3646.32   
0.00412386   6690.97   5237.68   
0.00519857   6618.61   5090.03   
0.0738361   5876.88   3543.49   
0.0159276   6287.47   4425.87   
0.08219   5850.75   3480.83   
0.0027028   6817.59   5459.44   
0.0703472   5890.11   3574.59   
0.0138567   6328.34   4514.17   
0.00463103   6651.3   5146.54   
0.0641874   5912.03   3621.57   
0.0373206   6054.57   3943.76   
0.0413282   6024.35   3884.9   
0.0273575   6133.2   4115.48   
0.0312116   6096.61   4041.67   
0.033526   6080.91   4010.57   
0.0782128   5861.7   3521.44   
0.00240283   6850.12   5514.95   
0.00342761   6744.28   5294.24   
0.00580743   6589.63   5049.67   
0.00437837   6667.77   5163.4   
0.0439861   6007.22   3851.67   
0.0420984   6018.95   3879.55   
0.00489598   6634.31   5119.03   
0.0862506   5840.04   3452.56   
0.0986272   5828.49   3375.41   
0.0388649   6038.97   3912.94   
0.0170826   6263.65   4386.82   
0.0149482   6304.11   4466.62   
0.0144418   6312.69   4483.97   
0.00426521   6683.4   5204.14   
0.00362347   6728.31   5285.78   
0.0140153   6323.26   4503.61   
0.0455698   5996   3833.95   
0.0105224   6408.96   4669.43   
0.0263024   6146.84   4139.62   
0.00727678   6527.87   4883.95   
0.0212884   6205.25   4254.54   
0.0451376   5998.99   3839.77   
0.0283126   6122.57   4101.86   
0.0132224   6345.92   4531.32   
0.0580391   5937.87   3695   
0.0183332   6247.67   4369.4   
0.0851   5851.02   3467.01   
0.00449192   6662.63   5150.79   
0.0164858   6274.47   4416.03   
0.00603461   6570.21   4984.36   
0.086966   5838.15   3447.61   
0.0260897   6158.75   4148.59   
0.0278895   6130.52   4121.73   
0.0307013   6101   4060.23   
0.00392771   6706.53   5268.99   
0.00511135   6624.49   5079.99   
0.00222084   6891.57   5563.2   
0.0206245   6214.02   4280.69   
0.0123464   6359.81   4584.87   
0.0197766   6226.77   4310.66   
0.028629   6121.28   4111.56   
0.00801877   6487.57   4827.04   
0.00196445   6915.38   5640.46   
0.00750394   6510.03   4860.54   
0.0101843   6420.88   4690.28   
0.0447133   6002.75   3830.91   
0.0253509   6168.16   4167.28   
0.0399955   6031.66   3904.09   
0.00819037   6479.23   4803.97   
0.0994464   5816.56   3386.51   
0.0470524   5989.14   3810.17   
0.0427648   6011.44   3862.85   
0.00860825   6466.84   4780.48   
0.00494726   6642.53   5102.97   
0.00174   6955.31   5718.14   
0.00384105   6710.41   5257.51   
0.00781523   6499.24   4843.14   
0.0352724   6064   3966.6   
0.0563257   5946.2   3704.06   
0.00472799   6646.89   5130.95   
0.0152781   6298.39   4449.48   
0.0108199   6399.8   4652.83   
0.0732175   5877.58   3561.45   
0.00305813   6776.74   5374.89   
0.00432709   6670.96   5170.71   
0.0126255   6354.21   4565.94   
0.0904673   5847.17   3424.08   
0.0492356   5977.99   3792.02   
0.00186835   6941.39   5658.47   
0.0228447   6182.81   4228.07   
0.0602945   5934.01   3659.45   
0.0848056   5845.13   3486.74   
0.0052385   6616.05   5068.48   
0.0178836   6253.84   4362.56   
0.00640442   6554.53   4954.75   
0.0382593   6045.63   3933.35   
0.0800849   5857.77   3505.26   
0.0671868   5899.11   3610.95   
0.0569909   5939.83   3685.81   
0.0117499   6378.39   4619.91   
0.0598658   5927.99   3671.42   
0.00178093   6944.6   5687.01   
0.0570087   5939.31   3695.15   
0.029597   6111.6   4074.41   
0.035253   6074.61   3976.39   
0.0376718   6047.28   3938.12   
0.00318347   6764.07   5350.33   
0.0620323   5919.66   3660.74   
0.0107792   6403.69   4657.83   
0.034649   6069.65   3984.33   
0.0511262   5965.7   3758.26   
0.0763552   5867.9   3522.33   
0.0157821   6292.03   4436.21   
0.00786985   6494.13   4849.47   
0.0687341   5892.54   3582.61   
0.0498981   5972.99   3777.35   
0.055867   5944.06   3715.32   
0.0694954   5890.27   3578.14   
0.0434253   6007.61   3850.61   
0.00170204   6958.13   5722.45   
0.0440843   6015.26   3842.46   
0.0035015   6740.86   5299.82   
0.00959784   6433.1   4726.6   
0.0256567   6153.62   4160.88   
0.0709796   5884.93   3563.57   
0.0886718   5840.41   3438.76   
0.0266907   6138.32   4130.11   
0.0406372   6027.07   3898.51   
0.0128205   6348.92   4571.14   
0.00332322   6755.09   5338.74   
0.061201   5921.36   3663.84   
0.0321479   6088.73   4019.56   
0.0722567   5893.9   3551.98   
0.0269628   6136.67   4124.78   
0.0194083   6230.53   4316.59   
0.0923526   5828.53   3419.7   
0.0536909   5956.74   3733.76   
0.0021467   6886.79   5586.75   
0.0404474   6027.93   3888.42   
0.00193181   6922.2   5679.58   
0.00910147   6449.06   4764.87   
0.00333264   6749.78   5324.45   
0.0748407   5872.42   3532.23   
0.0761108   5870.23   3539.92   
0.00597958   6584.15   4993.68   
0.06667   5902.23   3602.67   
0.00237228   6862.86   5524.36   
0.00247124   6856.39   5502.76   
0.00528165   6612.08   5050.82   
0.00203807   6901.89   5612.91   
0.0201399   6220.39   4299.06   
0.0456483   5999.97   3819.2   
0.0112762   6386.45   4627   
0.089904   5832.25   3450.52   
0.0118745   6368.66   4601.27   
0.0394403   6036.09   3906.68   
0.00987862   6429.49   4710.25   
0.0186865   6241.44   4341.22   
0.0293006   6114.63   4082.53   
0.095104   5824.52   3398.75   
0.0130789   6342.82   4557.49   
0.00251642   6837.53   5486.81   
0.00190959   6928.46   5699.45   
0.00508489   6629.81   5116.14   
0.0209526   6208.05   4285.38   
0.00758901   6504.99   4867.26   
0.00687048   6536.49   4904.69   
0.0356524   6060.67   3961.05   
0.0952054   5820.29   3396.87   
0.0744531   5874.13   3552.56   
0.0150589   6299.77   4461.14   
0.0160612   6281.71   4420.54   
0.00256136   6842.74   5475.09   
0.0121873   6373.38   4590.73   
0.00233473   6875.38   5536.85   
0.00301813   6799.67   5386.3   
0.0658382   5905.01   3612.18   
0.00556709   6594.06   5025.78   
0.00666505   6546.67   4920.12   
0.0430172   6011.97   3861.18   
0.00845003   6474.83   4801.14   
0.0230846   6192.35   4214.96   
0.00227727   6868.64   5548.59   
0.00280862   6802.85   5424.4   
0.0234237   6177.49   4222.58   
0.0925869   5825.67   3416.43   
0.00948787   6438.95   4751.12   
0.0190912   6235.61   4324.86   
0.0593785   5930.3   3674.97   
0.00461951   6659.28   5185.36   
0.0157561   6289.06   4438.37   
0.0791071   5865.22   3500.68   
0.00861187   6464.2   4804.39   
0.0465946   5990.19   3817.11   
0.0318618   6089.9   4034.06   
0.0141511   6319.84   4506.64   
0.0173082   6262.29   4397.07   
0.00396923   6699.26   5243.67   
0.0361052   6056.46   3960.59   
0.0187592   6240.02   4333.3   
0.00547758   6601.54   5033.21   
0.00888532   6457.83   4792.21   
0.00600476   6574.87   4994.82   
0.0540411   5953.25   3731.65   
0.00410878   6713.03   5210.69   
0.0970448   5815.21   3408.43   
0.0632767   5914.73   3652.09   
0.00668885   6543.34   4944.65   
0.0102671   6412.88   4699.49   
0.00991971   6425.69   4718.24   
0.00930864   6443.1   4737.08   
0.0218191   6202.91   4246.85   
0.0145307   6310.2   4493.2   
0.0728941   5879.89   3562.2   
0.00583619   6586.63   5006.51   
0.0795102   5860.08   3511.99   
0.0018555   6938.63   5676.93   
0.0683227   5897.22   3596.37   
0.0309104   6104.31   4049.51   
0.0316736   6092.41   4039.58   
0.011393   6382.67   4620.56   
0.0183027   6257.1   4357.49   
0.0224651   6188.56   4232.22   
0.0102378   6418.05   4680.11   
0.00271968   6826.78   5439.58   
0.00901019   6452.19   4756.9   
0.00256628   6829.97   5465.19   
0.054705   5959.24   3726.39   
0.0035997   6732.81   5311.88   
0.00290736   6792.53   5409.97   
0.0221101   6195.11   4250.87   
0.0641434   5909.03   3629.47   
0.00313331   6782.97   5359.33   
