0.944761 0.164306 
0.151811 0.950274 
0.963503 0.140368 
0.872956 0.48772 
0.115078 0.979646 
0.49884 0.8301 
0.803684 0.521377 
0.474724 0.883824 
0.810367 0.508724 
0.148211 0.95281 
0.711584 0.762454 
0.451402 0.923283 
0.514619 0.802334 
0.783484 0.566884 
0.773228 0.610559 
0.528875 0.790893 
0.878353 0.4768 
0.901887 0.470443 
0.975277 0.121798 
0.44902 0.928041 
0.89845 0.474201 
0.505139 0.814117 
0.937444 0.174629 
0.888964 0.475953 
1.02096 0.099166 
0.126833 0.978928 
0.4835 0.855544 
0.50941 0.806236 
0.488563 0.853579 
0.549219 0.781601 
0.737389 0.75783 
0.87398 0.484776 
0.76962 0.688624 
0.478731 0.864418 
0.781341 0.577704 
0.772043 0.68818 
1.0068 0.10576 
0.136453 0.970016 
0.492353 0.841443 
0.170751 0.93649 
0.59345 0.775071 
0.790775 0.525124 
0.474406 0.888207 
0.756503 0.729667 
0.920153 0.453512 
0.598737 0.773734 
0.977786 0.118811 
0.82384 0.499103 
0.517986 0.801593 
0.175562 0.933182 
0.838083 0.490414 
0.822021 0.500247 
0.972575 0.135672 
1.02565 0.0970925 
0.970889 0.137332 
0.779997 0.580895 
0.930937 0.19818 
0.825788 0.496679 
0.774583 0.603924 
1.0268 0.0611963 
0.160216 0.941911 
0.741955 0.743809 
0.131627 0.971034 
0.170206 0.937329 
0.889306 0.474776 
0.909839 0.461393 
0.821933 0.507168 
0.749367 0.735555 
0.559048 0.778383 
0.500845 0.828484 
0.755478 0.732847 
0.783882 0.544073 
0.723905 0.757957 
1.03773 0.060338 
0.10737 1.00618 
0.455705 0.920245 
0.779724 0.58438 
0.964082 0.137478 
0.0717709 1.02344 
0.937388 0.177616 
0.522274 0.800945 
0.825229 0.498067 
0.087734 1.01256 
0.950526 0.153908 
0.758989 0.727955 
0.790584 0.539118 
0.799678 0.522494 
0.537703 0.789144 
0.466562 0.907512 
0.0471628 1.03846 
0.496925 0.83296 
0.764136 0.708975 
