423.701  552.819  373.488  590.955  1494.58  248.531  585.08  361.857  515.382  406.898   | 0.0023999 6861.77 5553.29 
324.613  407.445  305.738  437.533  812.514  177.227  428.14  261.294  332.868  266.665   | 0.0527618 5960.86 3754.03 
339.842  420.666  310.756  462.202  882.274  186.865  439.894  277.076  353.265  291.667   | 0.0368846 6053.53 3964.51 
433.414  554.788  381.46  601.322  1532.4  255.892  590.383  372.703  524.382  419.448   | 0.0020062 6916.24 5666.19 
291.635  387.871  289.057  414.689  689.704  165.283  400.83  233.125  300.873  238.261   | 0.0960803 5819.69 3411.33 
353.846  436.421  309.904  478.324  993.776  191.399  466.235  293.035  375.097  296.026   | 0.0243535 6169.92 4194.06 
366.649  464.539  328.87  482.403  1088.01  211.109  477.198  292.583  400.227  318.677   | 0.0163282 6283.69 4430.27 
371.939  461.472  324.449  476.729  1043.12  205.783  481.751  292.738  397.103  322.813   | 0.0180296 6255.62 4377.9 
309.283  386.528  295.996  428.613  687.566  163.053  416.564  250.048  317.372  248.653   | 0.0798029 5861.56 3503.68 
278.579  380.733  291.48  445.637  665.295  149.387  426.156  227.512  315.147  245.541   | 0.0938164 5840.21 3425.47 
351.132  435.093  315.197  459.419  957.276  186.315  468.092  278.434  369.29  297.726   | 0.0279879 6133.29 4117.98 
441.106  581.302  368.338  609.28  1572.9  280.328  621.198  353.877  498.085  386.856   | 0.00180528 6955.18 5713.27 
345.849  427.44  315.856  468.532  899.726  190.244  450.137  282.449  362.477  296.736   | 0.0322761 6088.61 4039.45 
344.421  432.548  317.986  471.492  837.172  193.544  454.098  276.201  362.675  296.235   | 0.0357208 6063.91 3986.37 
310.72  398.594  304.729  438.742  807.992  194.287  404.846  250.152  323.154  259.569   | 0.0610074 5927.1 3692.78 
322.608  400.675  290.466  416.756  727.211  161.754  399.61  256.466  317.191  254.928   | 0.0760032 5873.07 3547.66 
429.014  556.626  377.317  598.348  1503.93  253.553  582.314  368.057  513.414  408.731   | 0.00226217 6877.83 5591.31 
302.205  378.647  295.907  420.435  744.223  173.466  405.89  246.936  325.746  272.725   | 0.07381 5875.77 3566.18 
383.311  478.446  347.898  509.603  1177.75  211.984  506.735  323.357  417.725  330.952   | 0.0104237 6412.47 4687.76 
344.176  425.008  314.694  465.481  893.062  187.916  448.321  280.856  360.59  295.638   | 0.0336097 6077.85 4015.74 
320.646  391.055  293.594  429.766  760.093  171.981  421.578  259.514  333.062  267.977   | 0.0624368 5916.21 3649.27 
321.151  414.49  311.091  448.603  798.107  198.246  421.045  261.295  344.608  275.033   | 0.0496363 5973.48 3793.67 
362.633  431.558  308.481  471.161  915.407  183.398  482.513  277.392  374.418  290.392   | 0.0287832 6127.03 4097.35 
307.958  399.779  293.86  435.133  777.181  168.494  431.455  250.194  342.204  264.658   | 0.0591824 5931.19 3670.92 
352.407  429.437  314.222  470.022  912.462  185.312  472.17  278.847  370.228  289.524   | 0.029765 6112.96 4074.63 
293.629  392.806  293.851  418.234  696.567  168.975  406.504  235.651  302.64  240.163   | 0.0904366 5835 3449.02 
442.223  567.305  371.451  586.173  1558.19  244.572  602.937  374.317  525.763  415.243   | 0.00192244 6937.62 5688.17 
354.326  459.308  336.413  497.678  1076.89  206.965  493.118  301.469  407.031  320.173   | 0.0154996 6294.96 4453.38 
333.268  420.44  321.072  459.747  817.107  192.446  448.999  282.559  356.819  295.144   | 0.0398879 6034.22 3927.6 
327.933  412.84  313.961  448.287  797.197  180.671  433.276  271.114  346.381  287.035   | 0.0474974 5986.77 3818.69 
431.25  556.475  371.27  580.885  1469.45  246.659  588.685  366.051  501.198  410.969   | 0.00257785 6841.98 5522.89 
437.967  570.042  382.333  617.865  1544.72  262.803  596.09  377.05  530.779  420.071   | 0.00179528 6952.93 5739.72 
333.175  419.203  315.55  453.516  841.279  184.594  439.942  274.272  353.305  292.32   | 0.0407088 6026.48 3907.16 
367.838  479.178  334.479  516.014  1075.11  214.489  511.846  305.848  426.146  340.811   | 0.0129889 6350.4 4571.76 
318.822  421.834  306.727  448.181  854.525  186.03  435.606  258.566  337.752  270.356   | 0.0458207 6000.02 3838.4 
362.266  465.979  330.618  516.942  1101.5  207  486.745  294.506  413.05  344.333   | 0.0141807 6327.35 4522.93 
290.942  374.259  279.092  410.362  700.268  155.995  386.058  230.4  311.337  245.156   | 0.0993091 5806.43 3383.87 
354.697  443.993  337.047  487.564  967.244  213.394  480.432  314.774  381.55  316.014   | 0.0215517 6204.25 4296.71 
368.306  478.329  340.909  496.532  1112.68  202.678  493.817  298.068  414.736  336.096   | 0.0135429 6339.46 4542.15 
413.621  537.492  363.122  590.724  1408.52  251.256  577.725  353.971  502.919  385.677   | 0.00320706 6772.16 5385.03 
299.813  376.306  298.559  423.345  752.693  178.349  408.26  246.416  330.045  277.957   | 0.0712904 5885.3 3591.74 
316.576  399.687  300.443  434.409  802.349  171.417  420.594  258.258  338.268  276.562   | 0.0559119 5944.63 3718.56 
378.938  482.843  334.953  529.136  1199.89  214.806  510.19  311.158  435.94  343.79   | 0.00943369 6444.31 4741.64 
415.934  528.223  374.194  574.249  1401.09  243.207  559.293  357.302  489.33  396.509   | 0.00350979 6741.72 5339.33 
394.512  521.242  348.041  568.315  1537.72  231.974  536.828  336.471  466.806  371.432   | 0.00373066 6759.83 5313.34 
404.043  506.989  370.097  554.519  1307.57  234.096  539.448  346.925  467.913  383.787   | 0.00520324 6622.1 5115.39 
386.471  500.886  352.357  522.117  1187.01  224.636  515.731  323.134  434.953  341.694   | 0.00878392 6460.33 4788.99 
371.295  489.348  370.141  526.327  1221.16  229.501  527.841  325.671  441.153  345.85   | 0.00800633 6490.5 4848.29 
374.301  494.272  372.219  532.223  1241.61  232.334  533.365  328.694  447.678  350.159   | 0.00724053 6520.51 4906.86 
401.317  512.323  363.37  565.879  1307.05  233.355  556.922  345.588  479.009  378.581   | 0.0049054 6641.94 5143.4 
382.116  514.633  392.7  559.806  1345.65  244.631  560.563  345.482  469.661  363.018   | 0.00460721 6660.58 5178.26 
399.956  489.432  376.508  534.654  1266.4  222.355  517.143  345.386  451.61  389.262   | 0.0067333 6552.64 4992.7 
351.032  435.184  315.226  492.579  939.396  197.634  482.407  289.888  377.965  283.56   | 0.0253347 6156.24 4164.87 
325.944  419.07  325.117  464.658  921.401  201.127  431.65  274.481  359.137  288.406   | 0.0347038 6071.85 4010.99 
359.203  438.668  318.574  493.933  968.035  199.428  480.332  292.909  379.027  294.048   | 0.0230563 6182.18 4224.16 
362.327  473.828  345.573  511.202  1137.3  208.345  502.104  311.375  429.067  331.348   | 0.0117886 6375.41 4612.47 
449.528  532.98  377.076  558.635  1515  242.561  558.518  381.256  485.335  386.789   | 0.00272672 6826.6 5487.68 
295.136  389.037  287.976  428.71  715.372  166.463  411.027  249.512  325.887  250.922   | 0.0769747 5865.65 3520.04 
301.532  399.591  286.075  437.982  737.148  165.001  419.365  257.471  330.697  245.369   | 0.0691858 5893.88 3580.23 
305.856  384.237  292.222  411.152  704.174  165.015  404.038  247.6  305.802  240.912   | 0.0880796 5837.83 3461.01 
353.226  457.855  335.052  494.473  1043.72  215.21  492.458  302.752  394.58  313.508   | 0.0170998 6266.3 4402.83 
359.504  436.046  316.942  474.493  929.761  189.564  486.209  281.658  374.393  282.16   | 0.0269261 6142.46 4130.73 
421.272  519.562  369.256  538.693  1399.37  244.619  553.841  342.917  448.797  366.89   | 0.00433473 6680.9 5205.22 
319.92  406.984  301.414  456.944  843.681  182.985  445.649  267.193  352.026  261.225   | 0.0442819 6004.12 3838.02 
325.283  406.223  308.664  446.306  855.747  181.6  439.412  270.486  351.288  279.86   | 0.0431704 6010.6 3864.87 
417.085  540.762  365.366  592.461  1416.5  253.56  585.696  355.317  504.387  380.389   | 0.00303887 6787.4 5411.52 
386.486  511.88  339.443  529.199  1202.89  208.479  519.227  318.742  451.59  341.397   | 0.00844912 6480.44 4809.33 
422.501  543.632  394.341  573.121  1447.89  250.556  580.515  368.266  487.049  377.575   | 0.00284097 6800.25 5445.45 
398.168  510.998  352.377  549.061  1283.07  227.9  545.63  333.781  456.851  368.213   | 0.00587674 6585.54 5026.05 
387.542  516.995  372.543  541.077  1250.25  231.515  542.367  334.333  459.367  352.041   | 0.0062885 6562.08 4988.04 
378.653  497.074  363.187  532.468  1219.29  230.37  529.579  330.553  446.962  350.029   | 0.00758007 6504.84 4878.17 
339.607  435.436  318.963  467.924  904.751  194.056  456.725  278.323  362.863  295.342   | 0.0313561 6096.86 4053.99 
358.585  452.947  323.411  467.678  1040.35  206.897  461.846  283.209  387.158  307.827   | 0.0209935 6213.76 4289.91 
329.568  412.032  312.426  451.874  881.786  184.752  445.796  274.908  357.257  283.963   | 0.0382661 6042.57 3934.36 
402.739  505.887  369.151  537.303  1314.78  232.304  536.213  347.797  455.507  359.069   | 0.00550761 6600.6 5060.75 
402.586  525.236  352.272  550.14  1325.19  224.183  558.864  334.311  458.711  358.437   | 0.00516243 6627.15 5089.93 
333.86  402.425  306.884  445.268  802.535  175.664  423.226  268.823  338.788  278.395   | 0.0511704 5967.59 3775.87 
324.089  405.914  303.572  433.351  804.834  179.226  423.46  256.728  337.492  266.304   | 0.0540618 5952.37 3734.97 
419.267  516.609  362.196  565.576  1371.08  241.943  591.249  333.997  498.334  383.983   | 0.00383171 6724.34 5284.24 
440.718  546.209  396.809  571.475  1548.08  254.289  582.106  379.07  507.104  402.36   | 0.00209954 6897.23 5628.22 
350.222  475.15  336.26  515.941  943.273  207.279  497.326  308.299  397.306  294.028   | 0.0202704 6228.15 4325.08 
348.472  445  321.306  490.86  997.562  196.708  465.759  281.621  387.611  319.038   | 0.0222546 6194.38 4253.94 
304.193  384.308  296.498  421.626  637.188  164.895  401.526  247.883  312.297  263.205   | 0.0914555 5833.44 3433.62 
362.072  447.453  328.168  477.912  1073.51  193.443  478.859  294.788  388.768  301.536   | 0.0186958 6247.73 4346.51 
326.346  400.694  298.038  408.097  792.922  181.392  405.813  252.033  331.526  255.105   | 0.0645317 5913.34 3651.97 
296.457  380.179  294.251  413.162  709.293  165.099  410.463  240.597  318.443  260.411   | 0.083095 5849.35 3488.36 
399.063  518.863  343.461  538.73  1248.92  208.789  525.289  328.642  462.088  346.409   | 0.00702608 6537.86 4920.25 
291.025  366.949  268.662  410.265  706.533  151.727  393.23  235.985  316.154  259.651   | 0.097293 5814.01 3400.18 
381.121  468.394  350.107  508.229  1145.62  246.923  513.449  300.21  416.968  321.128   | 0.0112198 6390.53 4652.15 
361.689  473.238  345.577  512.19  1120.95  209.588  502.438  311.726  427.964  332.309   | 0.0121517 6366 4597.67 
309.475  387.562  284.313  430.728  771.002  164.342  413.484  253.258  332.576  275.829   | 0.0660141 5904.69 3622.57 
382.708  476.385  345.892  518.776  1179.56  236.548  514.978  305.984  427.011  332.083   | 0.00979789 6427.99 4719.93 
352.843  465.129  339.933  505.545  1073.85  204.602  493.578  304.187  419.15  324.435   | 0.0147974 6308.93 4483.25 
307.315  384.311  283.981  409.279  736.693  161.317  399.653  235.002  313.346  242.891   | 0.0857295 5843.45 3473.79 
382.922  470.009  350.597  509.424  1151.99  248.213  515.565  299.804  418.839  321.991   | 0.010895 6399.54 4669.35 
324.415  407.225  313.548  446.411  855.657  183.09  444.165  270.725  356.406  283.304   | 0.0417132 6019.56 3884.95 
314.131  402.666  294.831  429.831  810.498  156.468  406.132  262.759  346.586  295.414   | 0.0580819 5944.12 3719.32 
315.131  397.33  304.149  434.2  713.881  175.678  416.47  255.438  328.369  274.054   | 0.0672301 5900.97 3614.7 
421.092  526.799  361.231  556.41  1367.89  251.29  568.343  335.454  475.484  375.689   | 0.00404982 6697.06 5239.69 
306.47  394.683  294.583  428.192  737.792  185.428  397.237  244.513  327.587  258.84   | 0.0718554 5880.4 3575.33 
